9.99997615	-0.010697179
9.99980975	-0.010696959
9.99973775	-0.010697049
9.99966095	-0.010697222
9.99938965	-0.010697045
9.9992428	-0.01069956
9.99932435	-0.010699177
10.0017648	-0.010700001
10.01240685	-0.010699858
10.04677535	-0.010699505
10.1057801	-0.010699838
10.21488045	-0.010699124
10.364933	-0.010699974
10.5219884	-0.010699429
10.7187438	-0.01069967
10.91310215	-0.010699431
11.06765035	-0.010699319
11.22683385	-0.010699266
11.37302305	-0.010698539
11.5090103	-0.010698714
11.64480495	-0.010698987
11.76919175	-0.010698966
11.92568255	-0.010698828
12.0915041	-0.010698819
12.23104095	-0.010698368
12.37417125	-0.010699222
12.5380182	-0.010698824
12.6874995	-0.010698605
12.8379345	-0.010699149
12.98737145	-0.010698591
13.1330948	-0.01069911
13.2885342	-0.010698959
13.42924645	-0.010698619
13.5596204	-0.010698797
13.71279955	-0.010698484
13.87102365	-0.010698571
14.02471975	-0.010698147
14.1789713	-0.010698076
14.30774305	-0.01069834
14.4567666	-0.010697729
14.60701845	-0.010697846
14.7581739	-0.010697987
14.90794515	-0.010697912
15.06050635	-0.010698146
15.2155447	-0.010698839
15.34504365	-0.010698274
15.49714515	-0.010698362
15.6468644	-0.010698358
15.80068685	-0.010697742
15.95909265	-0.010697577
16.0878611	-0.010697164
16.24043945	-0.010697846
16.39266205	-0.010697279
16.5416145	-0.010697157
16.6973705	-0.010697411
16.8474245	-0.010697965
16.99249365	-0.010697195
17.14103985	-0.01069697
17.2946138	-0.010697246
17.43000125	-0.010697546
17.5850115	-0.010696866
17.7420826	-0.010696591
17.8766155	-0.010696438
18.02756115	-0.010696452
18.17590805	-0.01069605
18.32261465	-0.010697248
18.4702387	-0.010696422
18.61761855	-0.01069593
18.7695446	-0.010695891
18.91895965	-0.010696605
19.0676308	-0.010696159
19.20279315	-0.010696289
19.36037825	-0.010695229
19.52126025	-0.010695198
19.6576424	-0.010695043
19.80788425	-0.010694916
19.9585905	-0.010695121
20.08785435	-0.010694903
20.2215223	-0.010694828
20.3828888	-0.01069509
20.5382891	-0.010694974
20.6902981	-0.010694661
20.84442045	-0.010694387
20.9726057	-0.010693984
21.12152005	-0.010693254
21.2722273	-0.010693456
21.4276104	-0.010693024
21.5915823	-0.010693355
21.72553635	-0.010692436
21.85610485	-0.01069234
22.01285935	-0.010692584
22.16078285	-0.010692316
22.31183245	-0.010692485
22.46797945	-0.010692048
22.5982933	-0.010691642
22.752799	-0.010691184
22.9104776	-0.010691324
23.0437231	-0.010691393
23.19495585	-0.010690412
23.3431597	-0.010690907
23.4979525	-0.010690297
23.65961555	-0.010690229
23.78951645	-0.010689292
23.94221495	-0.0106888
24.09426975	-0.010689111
24.21962645	-0.010688926
24.3724804	-0.010688379
24.52487755	-0.010687943
24.67415715	-0.010687076
24.8221588	-0.01068699
24.96985245	-0.010687156
25.1166334	-0.010686346
25.2673683	-0.010686593
25.4235115	-0.010685649
25.55157945	-0.01068509
25.6822691	-0.010685025
25.83685685	-0.010684557
25.98534775	-0.010684567
26.13933185	-0.010683686
26.29321575	-0.010682968
26.4257011	-0.010682805
26.58098885	-0.010681951
26.73361015	-0.010681393
26.8685398	-0.010681038
27.02353855	-0.010681004
27.173624	-0.010679856
27.3238077	-0.01067931
27.47351265	-0.010679041
27.6055021	-0.010677941
27.76224895	-0.010676492
27.91419025	-0.010675514
28.06321715	-0.01067435
28.21332075	-0.010673389
28.34578895	-0.010671341
28.50436305	-0.010670918
28.6626444	-0.010670251
28.7937355	-0.010668581
28.94637395	-0.010667105
29.0992508	-0.010665425
29.2296295	-0.010663539
29.36616995	-0.01066159
29.52849485	-0.010658922
29.68459985	-0.010657813
29.81884	-0.010655316
29.97798155	-0.010653539
30.1337795	-0.010650714
30.261549	-0.010648766
30.41489315	-0.010646386
30.5688591	-0.010643633
30.6982193	-0.010641576
30.85758015	-0.010638745
31.0132093	-0.010636197
31.1435966	-0.01063338
31.300909	-0.010630676
31.4587116	-0.010630799
31.5892868	-0.010623548
31.7441492	-0.010620711
31.89375305	-0.010617694
32.02492145	-0.01061494
32.1664658	-0.01061133
32.3217373	-0.010607857
32.4721203	-0.010605072
32.62321475	-0.010601829
32.7793274	-0.010598632
32.9128895	-0.010594008
33.0666275	-0.010590911
33.22006415	-0.010587829
33.3527298	-0.010584423
33.51301575	-0.010580506
33.67308045	-0.010576702
33.80404665	-0.010572698
33.9521313	-0.010569787
34.1015625	-0.010565357
34.25634765	-0.01056195
34.4075489	-0.010557798
34.6129894	-0.010550287
34.82217785	-0.010546336
34.97196005	-0.010542662
35.1185684	-0.010539294
35.266407	-0.010534653
35.4127102	-0.01053187
35.540329	-0.010526957
35.7025967	-0.010522811
35.86468125	-0.010519391
35.99768255	-0.010514488
36.1494484	-0.010510787
36.3041973	-0.01050754
36.43795395	-0.010502999
36.58971215	-0.010497977
36.7377338	-0.010493863
36.86391255	-0.010490368
37.01867485	-0.010486458
37.17687035	-0.010482292
37.30755805	-0.010477814
37.46019745	-0.010473596
37.6128235	-0.010469571
37.76052665	-0.010465439
37.9103031	-0.010461393
38.03951075	-0.010457049
38.19290735	-0.010452247
38.34693145	-0.010447859
38.47833635	-0.010444146
38.62887575	-0.010443889
38.7772503	-0.010434684
38.90747455	-0.010430763
39.0598507	-0.010426717
39.21251105	-0.010421268
39.34599115	-0.010416795
39.5029507	-0.01041319
39.6573582	-0.010407445
39.7881565	-0.010403478
39.9395027	-0.010399314
40.08656695	-0.01039529
40.23194885	-0.010389934
40.38020515	-0.010385743
40.59410095	-0.010376229
40.80488775	-0.010371805
40.93679045	-0.010367034
41.0984497	-0.010362436
41.2541523	-0.010357828
41.38352395	-0.010353371
41.5324345	-0.010348323
41.68260575	-0.010343292
41.83244515	-0.010338257
41.97978785	-0.010333591
42.1107979	-0.010328674
42.2659626	-0.010324341
42.41898725	-0.010323587
42.5489807	-0.010313877
42.7614765	-0.010303984
42.99301145	-0.010298753
43.14165685	-0.010294091
43.272274	-0.010288277
43.42762945	-0.010283703
43.58218575	-0.010278135
43.7121563	-0.010273391
43.86321445	-0.010268189
44.01574515	-0.010263168
44.16487885	-0.010257007
44.3097038	-0.010252447
44.43923375	-0.010246574
44.5935917	-0.010241486
44.74736025	-0.010236353
44.8781433	-0.010229789
45.025753	-0.010224408
45.17033575	-0.010219553
45.29232405	-0.01021387
45.44142725	-0.010213838
45.59279065	-0.010202592
45.74209595	-0.010197342
45.95812415	-0.010185163
46.1721802	-0.010180293
46.3212128	-0.010174656
46.44994355	-0.010168383
46.60112	-0.010163179
46.7481995	-0.01015703
46.8936787	-0.010150835
47.04766465	-0.010144859
47.1800518	-0.010139603
47.32756995	-0.010132409
47.47704695	-0.010126397
47.6071224	-0.010120335
47.75578305	-0.010113896
47.9024334	-0.010108642
48.04675105	-0.010102028
48.19430545	-0.010095433
48.3203812	-0.010088594
48.46917155	-0.010082922
48.6217308	-0.01007606
48.74719425	-0.010069602
48.8906822	-0.010062749
49.03528215	-0.010056157
49.1825409	-0.010049591
49.32720945	-0.010043281
49.47237015	-0.010036418
49.62643435	-0.010028961
49.756279	-0.010028665
49.90302085	-0.010015011
50.052145	-0.01000761
50.17895125	-0.010000658
50.3279457	-0.009993059
50.47691535	-0.009985154
50.60392185	-0.00997894
50.75529285	-0.009970674
50.9051456	-0.009963173
51.05084225	-0.009955345
51.1981945	-0.009947046
51.3456669	-0.009939476
51.49230575	-0.009931076
51.6365299	-0.009922695
51.7814808	-0.009914997
51.91015625	-0.009906494
52.0597248	-0.009897839
52.21123695	-0.00988907
52.3391037	-0.009880684
52.48404695	-0.009871077
52.631958	-0.009861961
52.78170585	-0.009852429
52.92804525	-0.00984333
53.0735054	-0.009843338
53.2242489	-0.00982579
53.3532181	-0.009815387
53.50190735	-0.009805097
53.64920805	-0.009796187
53.7773857	-0.009786092
53.9283638	-0.009776223
54.07946015	-0.009765723
54.2304077	-0.009755166
54.38165855	-0.00974518
54.5122814	-0.009734874
54.66065595	-0.009724416
54.8079014	-0.009713241
54.9371338	-0.009702067
55.0934715	-0.009691363
55.24361035	-0.009679745
55.38820265	-0.009670247
55.5414753	-0.009657962
55.6727047	-0.009647983
55.81796645	-0.009636
55.9681282	-0.009624643
56.1186886	-0.009612448
56.26612855	-0.009600836
56.39221575	-0.009588874
56.5430832	-0.009576804
56.69382475	-0.009565331
56.8421936	-0.009552328
56.99227525	-0.009540859
57.1169224	-0.009528002
57.26672935	-0.009515422
57.41247175	-0.009503942
57.55433275	-0.009490622
57.7008629	-0.009478538
57.84833715	-0.009464291
58.00129505	-0.009452673
58.12994	-0.009439297
58.28256605	-0.009425894
58.4386463	-0.009412704
58.5662975	-0.009399155
58.7127628	-0.009385614
58.86671445	-0.00937297
59.01579855	-0.009359441
59.16023255	-0.009344925
59.30890085	-0.00933127
59.46273235	-0.00931799
59.59456065	-0.009304852
59.7418804	-0.00929049
59.89425275	-0.009276539
60.0273323	-0.009262362
60.17840005	-0.009248055
60.32831575	-0.009234326
60.45559695	-0.009234215
60.6036053	-0.009206192
60.7588787	-0.009191792
60.88978385	-0.009178051
61.0373783	-0.009162828
61.1859722	-0.009148293
61.33218955	-0.009134022
61.47847745	-0.009118534
61.60596655	-0.009103923
61.76027105	-0.009088223
61.91602705	-0.009074223
62.04343035	-0.009059068
62.19526675	-0.009043698
62.34604645	-0.009029152
62.473114	-0.009013179
62.62358855	-0.008998339
62.76828955	-0.008982731
62.91271015	-0.008981947
63.0544357	-0.008951353
63.20083045	-0.008934756
63.3489895	-0.008919222
63.49808885	-0.008902642
63.6514435	-0.008886808
63.77990725	-0.008870821
63.9325371	-0.008853463
64.08284	-0.008836929
64.22802355	-0.008820204
64.3783989	-0.008803746
64.50865175	-0.008786908
64.65727615	-0.008769887
64.80314255	-0.008753133
65.0138321	-0.008718432
65.22772215	-0.008700716
65.37820815	-0.008682407
65.52617265	-0.008664962
65.6754456	-0.008646774
65.823494	-0.008628329
65.9671326	-0.008610476
66.11792755	-0.008592172
66.2486572	-0.008573391
66.39785765	-0.008554493
66.546257	-0.008535814
66.69525145	-0.008516574
66.84347915	-0.008496965
66.97135925	-0.008477816
67.12197875	-0.008458266
67.27151105	-0.008438162
67.41989895	-0.008418427
67.5687408	-0.008398673
67.69807815	-0.008378275
67.8318062	-0.00835786
67.9881363	-0.008337744
68.1403313	-0.008316523
68.2896042	-0.008295567
68.4389038	-0.008274485
68.56340025	-0.008252578
68.71481705	-0.008231377
68.86747745	-0.008209589
68.9963112	-0.008186898
69.1492157	-0.008164854
69.29836275	-0.008141681
69.4476891	-0.008119668
69.59238435	-0.008096576
69.7391052	-0.008073678
69.8869896	-0.008049702
70.03385925	-0.008026363
70.18632125	-0.008002804
70.31599045	-0.007977934
70.46516035	-0.007953489
70.61325455	-0.007928782
70.75860215	-0.007904352
70.9092865	-0.007879194
71.03964235	-0.007854207
71.19042205	-0.007828381
71.3447685	-0.007802425
71.4786873	-0.007775768
71.6290398	-0.007749439
71.77676395	-0.007723157
71.90776825	-0.007695949
72.0615654	-0.007668641
72.2154503	-0.007641163
72.34391405	-0.007613357
72.489296	-0.007585267
72.63822555	-0.007557079
72.790184	-0.007556814
72.93966295	-0.007498877
73.06931305	-0.007469896
73.2244148	-0.007439759
73.37696455	-0.007409737
73.5065956	-0.007379403
73.65730665	-0.007348666
73.8080902	-0.007317441
73.95739365	-0.007286718
74.10848235	-0.007254718
74.23830415	-0.007222832
74.3892136	-0.007190357
74.5427132	-0.007157561
74.67014695	-0.007124305
74.8187332	-0.007091338
74.9677696	-0.007057464
75.1157417	-0.007023103
75.26836395	-0.006988467
75.4005089	-0.006953634
75.55085375	-0.006918279
75.70289995	-0.00688292
75.83301545	-0.006846593
75.9835701	-0.006810615
76.13816835	-0.006773697
76.26967625	-0.006736529
76.4007187	-0.006698669
76.55711365	-0.006660342
76.71138385	-0.006622375
76.8462143	-0.00658313
76.9893875	-0.006543865
77.13630295	-0.006504314
77.2814293	-0.006464005
77.4204216	-0.006423018
77.55947495	-0.006382318
77.70694735	-0.006341058
77.85868075	-0.006299199
78.00802615	-0.006256624
78.1506157	-0.006213806
78.28884125	-0.006170347
78.43229295	-0.006126352
78.5819435	-0.006082299
78.7309494	-0.006037494
78.8776741	-0.005992374
79.0224266	-0.005947017
79.163105	-0.005901349
79.30797195	-0.005854885
79.4580803	-0.005807558
79.60643385	-0.005759724
79.75087735	-0.005712112
79.8964996	-0.005664144
80.04141615	-0.005615129
80.18383405	-0.005565793
80.326828	-0.005516183
80.47826005	-0.005466383
80.6293945	-0.005415045
80.7727394	-0.005364044
80.9204216	-0.005312422
81.06646345	-0.005260025
81.21170045	-0.005207479
81.3613129	-0.005154337
81.504879	-0.005100636
81.6516571	-0.005046156
81.80264285	-0.004990726
81.94599535	-0.004935443
82.089489	-0.004879517
82.23521805	-0.004823322
82.37989805	-0.004766375
82.5265579	-0.004708584
82.67879485	-0.004651017
82.82540895	-0.004592655
82.96915435	-0.004533779
83.1150856	-0.004474057
83.2586861	-0.004414069
83.4058533	-0.00435332
83.55456545	-0.004292056
83.70121765	-0.004230229
83.84872055	-0.004168243
83.9955063	-0.00410505
84.1399269	-0.00404189
84.2854309	-0.003977833
84.5067253	-0.003848663
84.72948075	-0.003783172
84.87821965	-0.00371683
85.0223351	-0.003650188
85.17006685	-0.003582551
85.32099915	-0.003514952
85.4651413	-0.003446812
85.6113472	-0.003377581
85.7609024	-0.003307732
86.20021055	-0.003165029
86.25276565	-0.003093993
86.34936145	-0.003022206
86.49217225	-0.002949778
86.6428909	-0.002877069
87.147995	-0.002655085
87.26345065	-0.002580087
87.39616775	-0.002504642
87.53329845	-0.002428595
87.68027115	-0.00235193
87.8247757	-0.002275168
87.9704971	-0.002197688
88.11899565	-0.002119988
88.26524355	-0.002041817
88.41244125	-0.001963019
88.5628662	-0.001884164
88.71149065	-0.001804775
88.85115435	-0.001724952
88.99834825	-0.001644954
89.151268	-0.001564575
89.30036925	-0.001484004
89.44791795	-0.001403452
89.594162	-0.001322817
89.7429886	-0.001242285
89.8875046	-0.001162151
90.0320549	-0.001082654
90.18535995	-0.001004048
90.33839415	-0.000926635
90.4828949	-0.000850952
90.62272645	-0.000777299
90.77239225	-0.000705945
90.92832565	-0.000637321
91.0746727	-0.00057172
91.2196045	-0.000509237
91.3726883	-0.000509246
91.51844785	-0.000394477
91.66125485	-0.000342749
91.8103485	-0.000294907
91.95814135	-0.000251039
92.1049042	-0.000210881
92.25138475	-0.000174532
92.3989868	-0.000141801
92.54307175	-0.000112756
92.686924	-8.72736E-05
92.837101	-6.5195E-05
92.9884682	-4.63495E-05
93.1326332	-3.0667E-05
93.27659605	-1.80116E-05
93.42790605	-8.37975E-06
93.5770836	-1.74814E-06
93.72143555	1.86488E-06
93.86997985	3.29582E-06
94.02207565	3.7614E-06
94.1656227	3.93994E-06
94.3135147	4.05246E-06
94.4610672	4.09014E-06
94.60331345	4.14179E-06
94.74777985	4.17107E-06
94.89632415	4.17551E-06
95.0483513	4.1835E-06
95.19194795	4.18083E-06
95.33586885	4.19647E-06
95.48241045	4.19421E-06
95.64364625	4.18198E-06
95.8004036	4.17308E-06
95.93453215	4.1842E-06
96.089344	4.17326E-06
96.2460556	4.18552E-06
96.37874985	4.15795E-06
96.52846525	4.1951E-06
96.67736815	4.20663E-06
96.8109932	4.18408E-06
96.97150805	4.15921E-06
97.12731935	4.17941E-06
97.2556915	4.17729E-06
97.4059753	4.18834E-06
97.55415725	4.18835E-06
97.69137575	4.19973E-06
97.85214615	4.1703E-06
98.00710295	4.1732E-06
98.1397438	4.16974E-06
98.28941345	4.15171E-06
98.4415321	4.1528E-06
98.58984375	4.16299E-06
98.7391205	4.17616E-06
98.8681259	4.16146E-06
99.01644135	4.16745E-06
99.16627885	4.16945E-06
99.3197403	4.16366E-06
99.4706688	4.17475E-06
99.6208153	4.16492E-06
99.77756885	4.16237E-06
99.9073181	4.16733E-06
100.0540543	4.15704E-06
100.2011376	4.15343E-06
100.3536492	4.16635E-06
100.5074158	4.14815E-06
100.639061	4.16136E-06
100.7982636	4.16884E-06
101.0209694	4.14368E-06
101.2443924	4.15832E-06
101.3988113	4.17202E-06
101.5479317	4.14511E-06
101.7022667	4.18939E-06
101.8330612	4.15846E-06
101.9842415	4.14197E-06
102.1365318	4.18195E-06
102.2912216	4.15599E-06
102.4443054	4.15385E-06
102.5750275	4.14048E-06
102.7315445	4.15268E-06
102.8816986	4.13978E-06
103.016243	4.14459E-06
103.1754875	4.17028E-06
103.3241463	4.16338E-06
103.4720612	4.14852E-06
103.6274147	4.14163E-06
103.7824326	4.17771E-06
103.9371376	4.15909E-06
104.0724297	4.16565E-06
104.2093888	4.16553E-06
104.3657761	4.17177E-06
104.5123062	4.14729E-06
104.660965	4.15263E-06
104.8155975	4.16371E-06
104.9531822	4.1738E-06
105.1134262	4.15212E-06
105.2660828	4.15257E-06
105.4151993	4.16231E-06
105.5606766	4.17624E-06
105.7142105	4.1517E-06
105.8761215	4.17174E-06
106.0067902	4.19681E-06
106.1548615	4.15216E-06
106.3077774	4.1402E-06
106.4438134	4.1641E-06
106.6005021	4.17971E-06
106.750866	4.17581E-06
106.9045868	4.12927E-06
107.0572586	4.15413E-06
107.2073135	4.1591E-06
107.3645897	4.16816E-06
107.4966278	4.16828E-06
107.6493492	4.17871E-06
107.807476	4.16617E-06
107.9435349	4.15725E-06
108.0988579	4.17338E-06
108.2523651	4.15451E-06
108.4042511	4.18697E-06
108.5541039	4.17723E-06
108.7040253	4.16743E-06
108.8591881	4.14179E-06
108.9935112	4.16616E-06
109.1490288	4.16998E-06
109.3046646	4.18334E-06
109.4340553	4.16871E-06
109.5906067	4.18381E-06
109.7449455	4.20128E-06
109.892746	4.19746E-06
110.0474129	4.20368E-06
110.1810303	4.21164E-06
110.3323937	4.20206E-06
110.4790726	4.20329E-06
110.6316986	4.22912E-06
110.7836456	4.22083E-06
110.933033	4.24598E-06
111.0874367	4.25457E-06
111.2407837	4.29254E-06
111.3931046	0
111.8056183	4.49317E-06
111.8512802	3.39137E-05
111.9826927	6.83876E-05
112.1322785	1.08974E-05
112.2819214	7.62178E-06
112.4361267	-4.60804E-05
112.5673142	7.46968E-05
112.7162743	-6.32113E-06
112.8666649	1.11729E-05
113.0165253	-1.17343E-06
113.1690788	-2.02167E-05
113.3257179	-3.71151E-06
113.4847641	7.22598E-05
113.6145058	-9.12275E-05
113.7608834	4.35767E-05
113.9152718	-5.86463E-06
114.0697518	-5.86525E-06
114.2183037	-2.72392E-05
114.3664246	7.0926E-06
114.5185089	-2.70183E-06
114.650528	-0.000108215
114.8038521	5.72835E-05
114.9561959	-1.36646E-05
115.1073532	4.44724E-05
115.2600479	5.88558E-05
115.3950005	2.73986E-05
115.5492554	-4.90019E-05
115.7016678	-6.34508E-05
115.8563614	2.2939E-05
116.0070457	-4.90101E-05
116.1362648	4.23944E-05
116.2969971	2.49523E-05
116.4575997	5.8992E-05
116.5898476	0.000109361
116.7448883	2.02121E-05
116.9025994	3.51244E-05
117.0575905	1.17741E-05
117.2099114	8.26895E-05
117.3391876	6.6667E-05
117.485714	-4.57011E-06
117.6522751	9.81697E-06
117.8029976	2.39692E-05
117.9373131	4.21439E-05
118.089592	2.93969E-06
118.2384606	1.21335E-05
118.3906746	6.0146E-05
118.5459633	-1.93424E-05
118.6791344	3.13116E-05
118.8332749	-1.15395E-05
118.9896126	-1.84816E-05
119.1242294	4.24938E-05
119.2797318	-7.75815E-05
119.4325791	2.39191E-05
119.5851174	-8.29003E-06
119.7383538	3.18747E-05
119.8877907	1.36414E-05
120.0408173	-2.72109E-05
120.1729164	-1.67628E-05
120.3267212	8.32855E-05
120.4794121	3.21933E-06
120.6298103	-1.85121E-05
120.7855911	-2.28928E-05
120.9214935	-6.00566E-05
121.0764656	-9.71275E-07
121.2244873	-1.56446E-05
121.3734207	9.96368E-06
121.5228577	9.96248E-06
121.6720276	-4.95179E-05
121.8249589	-5.03527E-05
121.9755517	3.59035E-05
122.1292572	-4.12966E-05
122.2597351	-5.1737E-05
122.4164544	-0.000180904
122.5722313	6.68548E-05
122.7261276	0.000183129
122.8873596	5.3734E-05
123.0234299	-5.09122E-05
123.1762276	3.09774E-05
123.3288536	-0.000105761
123.4818154	8.23744E-05
123.6376	7.78534E-06
123.7738686	2.34626E-05
123.9294815	-5.09481E-05
124.0866394	5.25572E-05
124.2185898	5.25557E-05
124.3746529	-1.63471E-05
124.5347138	-1.83209E-05
124.6867943	2.39159E-05
124.835846	3.60102E-05
124.9691315	2.51079E-05
125.1056557	-4.77496E-05
125.2612648	-1.71902E-06
125.4170151	8.42025E-06
125.8684769	8.43286E-06
125.9186554	-1.87889E-06
126.0336113	3.55165E-06
126.1650772	3.42235E-06
126.323513	4.29554E-06
126.481781	4.0495E-06
126.6147042	4.27101E-06
126.7672501	4.271E-06
126.9193421	4.27633E-06
127.0752525	4.21135E-06
127.2262764	4.27482E-06
127.3760911	4.14267E-06
127.5294228	4.17224E-06
127.6803399	4.22023E-06
127.8364411	4.48504E-06
127.9738007	7.12898E-06
128.1251068	5.092E-06
128.2755127	4.07326E-06
128.4140473	4.23145E-06
128.5722122	4.1513E-06
128.7305145	4.2411E-06
128.8666229	4.16976E-06
129.0223999	4.16895E-06
129.1785279	4.15916E-06
129.3120194	4.18905E-06
129.4728699	4.13836E-06
129.6288071	4.1744E-06
129.7788849	4.14922E-06
129.9322205	4.24074E-06
130.0645752	4.15976E-06
130.2185059	4.13457E-06
130.371399	4.13441E-06
130.5046387	4.13451E-06
130.6693039	4.15501E-06
130.8336411	4.19189E-06
130.9831772	4.18038E-06
131.1318665	4.16986E-06
131.2667618	4.27511E-06
131.41819	4.30341E-06
131.570755	0
131.9833374	2.40707E-06
132.335907	4.20595E-06
132.3552094	4.19166E-06
132.4700165	4.15298E-06
132.6283035	4.20777E-06
132.7749939	4.349E-06
132.9281998	4.25409E-06
133.0642014	4.16925E-06
133.2175599	3.99845E-06
133.3731995	4.20453E-06
133.5077515	4.28425E-06
133.6686325	5.07638E-06
133.8305206	0
134.2394409	-3.77111E-05
134.2827835	-5.84872E-06
134.4149628	-8.73802E-06
134.85849	2.1659E-06
134.9036179	4.13754E-06
135.0120239	4.12637E-06
135.1644364	4.16481E-06
135.317688	4.12269E-06
135.4683609	4.14432E-06
135.6223374	4.14841E-06
135.7761765	4.12145E-06
135.9294586	4.15192E-06
136.0602112	4.17943E-06
136.2124558	4.1566E-06
136.3635407	4.18458E-06
136.5143356	4.1699E-06
136.6673279	4.17362E-06
136.8212433	4.14255E-06
136.976738	4.14258E-06
137.1077194	4.10017E-06
137.2605057	4.15223E-06
137.4150009	4.13742E-06
137.5714798	4.14788E-06
137.7291642	4.17688E-06
137.8611374	4.13581E-06
138.0152741	4.17847E-06
138.1714478	4.13796E-06
138.321991	4.108E-06
138.4748383	4.10205E-06
138.6099549	4.14285E-06
138.7663269	4.16846E-06
138.9253235	4.11903E-06
139.0604859	4.11184E-06
139.2147294	4.11992E-06
139.3651276	4.09558E-06
139.513855	4.081E-06
139.669426	4.13426E-06
139.823494	4.09478E-06
139.9755478	4.08673E-06
140.1069565	4.09287E-06
140.2572403	4.10929E-06
140.4093018	4.11494E-06
140.5653153	4.12735E-06
140.7272873	4.11427E-06
140.8655396	4.09843E-06
141.0187378	4.10712E-06
141.1686173	4.09606E-06
141.3208466	4.12808E-06
141.4735566	4.14678E-06
141.6028595	4.15098E-06
141.7635193	4.13551E-06
141.9251709	4.1389E-06
142.0562287	4.17313E-06
142.20887	4.10761E-06
142.3604584	4.17458E-06
142.5129929	4.12811E-06
142.6625137	4.13182E-06
142.8112412	4.08662E-06
142.9620057	4.09881E-06
143.1158371	4.11494E-06
143.2773895	4.13339E-06
143.4105759	4.12514E-06
143.5657959	4.12512E-06
143.726944	4.11298E-06
143.8598251	4.09254E-06
144.0102768	4.12581E-06
144.1603089	4.12612E-06
144.3165207	4.11656E-06
144.4754715	4.11597E-06
144.6058045	4.1358E-06
144.7612381	4.11183E-06
144.9219818	4.13773E-06
145.055069	4.11716E-06
145.2054062	4.1403E-06
145.3596344	4.12414E-06
145.5157776	4.12356E-06
145.667778	4.17161E-06
145.800026	4.11795E-06
145.9601899	4.10223E-06
146.1136856	4.11115E-06
146.2687531	4.15787E-06
146.428505	4.13336E-06
146.5622254	4.15121E-06
146.7162247	4.13065E-06
146.8725434	4.11975E-06
147.0266495	4.24858E-06
147.1795655	0
147.5824432	-8.54777E-06
147.6323776	7.64912E-05
147.7637253	7.68947E-05
147.9099274	7.71193E-05
148.0389252	-8.77979E-05
148.1866684	-3.90781E-05
148.3265839	6.62221E-05
148.4567795	-6.06651E-05
148.5770569	6.38418E-06
148.6814575	6.19425E-05
148.7748642	8.70785E-05
148.8522263	3.76511E-06
148.918602	2.42378E-05
148.9724808	-1.98434E-05
149.0204239	7.00644E-05
149.0575027	2.57751E-05
149.0885773	6.07014E-07
149.1106568	-4.64255E-05
149.1323166	-4.64307E-05
149.1521378	1.77632E-05
149.1700287	-8.97617E-06
