8.9502	1.024E-07
9.0228	1.168E-07
9.1016	9.12E-08
9.1862	7.36E-08
9.257	1.104E-07
9.3114	9.76E-08
9.3802	9.92E-08
9.4692	9.12E-08
9.5198	1.072E-07
9.6098	9.92E-08
9.6712	9.92E-08
9.7574	8.96E-08
9.8404	9.44E-08
9.9262	9.28E-08
9.9856	9.92E-08
10.0502	8.64E-08
10.1178	9.76E-08
10.2016	9.44E-08
10.2968	1.072E-07
10.3604	9.44E-08
10.447	9.28E-08
10.5148	9.92E-08
10.5838	1.024E-07
10.678	9.28E-08
10.7626	9.6E-08
10.8432	0.000000104
10.9078	9.12E-08
10.9936	1.104E-07
11.0854	9.12E-08
11.1812	9.76E-08
11.25	8.48E-08
11.3306	8.32E-08
11.4088	9.92E-08
11.506	9.44E-08
11.602	9.44E-08
11.6724	1.008E-07
11.762	1.248E-07
11.8526	0.000000112
11.9824	1.2E-07
12.1104	9.76E-08
12.23	0.000000104
12.3558	1.072E-07
12.4706	1.024E-07
12.581	1.136E-07
12.675	1.248E-07
12.742	0.000000112
12.8244	1.072E-07
12.8876	1.104E-07
12.9624	9.6E-08
13.0264	9.12E-08
13.08	0.000000088
13.1324	9.28E-08
13.1992	1.104E-07
13.2794	9.12E-08
13.36	0.000000096
13.4144	8.16E-08
13.4932	9.44E-08
13.558	9.12E-08
13.644	9.12E-08
13.7236	7.84E-08
13.7908	8.48E-08
13.8604	8.32E-08
13.9318	9.6E-08
14.0092	9.76E-08
14.0758	0.000000104
14.1342	1.04E-07
14.2098	1.008E-07
14.2876	1.008E-07
14.3794	9.92E-08
14.466	1.056E-07
14.5362	9.92E-08
14.6126	8.8E-08
14.6866	8.8E-08
14.7712	9.92E-08
14.846	8.48E-08
14.9122	8.96E-08
14.988	0.000000104
15.0598	8.64E-08
15.1448	8.96E-08
15.2172	1.088E-07
15.2652	9.12E-08
15.3244	8.16E-08
15.3952	9.28E-08
15.4778	1.104E-07
15.555	9.76E-08
15.6254	9.6E-08
15.7114	8.64E-08
15.788	9.76E-08
15.8696	9.6E-08
15.947	1.024E-07
16.0188	9.76E-08
16.0978	9.92E-08
16.174	8.64E-08
16.2526	8.48E-08
16.327	1.056E-07
16.4012	8.8E-08
16.4726	8.64E-08
16.5464	8.64E-08
16.6246	8.16E-08
16.6904	8.8E-08
16.7472	7.36E-08
16.8204	8.8E-08
16.8804	1.008E-07
16.9618	9.6E-08
17.0372	8.64E-08
17.12	1.168E-07
17.1952	9.44E-08
17.2702	8.32E-08
17.3614	9.12E-08
17.437	8.64E-08
17.512	8.48E-08
17.587	8.48E-08
17.6576	7.84E-08
17.7402	8.48E-08
17.806	8.16E-08
17.878	8.8E-08
17.9466	9.76E-08
18.0146	9.12E-08
18.0888	8.64E-08
18.1594	7.2E-08
18.228	8.16E-08
18.2988	7.2E-08
18.373	9.12E-08
18.45	8.48E-08
18.5266	7.52E-08
18.594	9.76E-08
18.6566	7.2E-08
18.726	8.48E-08
18.8006	8.32E-08
18.8786	7.52E-08
18.9498	7.84E-08
19.022	8E-08
19.0906	8.48E-08
19.1618	9.12E-08
19.2322	8.32E-08
19.3016	8E-08
19.3766	8.96E-08
19.4558	7.68E-08
19.5324	8.32E-08
19.6132	8.96E-08
19.69	8.16E-08
19.7656	8.96E-08
19.8426	9.44E-08
19.9196	8.8E-08
19.995	8E-08
20.0656	8.64E-08
20.1256	8.48E-08
20.193	8E-08
20.2616	8.64E-08
20.3334	8.64E-08
20.3996	9.12E-08
20.4664	8.96E-08
20.5352	8.32E-08
20.607	8.64E-08
20.687	8.32E-08
20.7588	8.8E-08
20.8334	6.24E-08
20.9118	7.84E-08
20.9934	8.48E-08
21.0756	7.52E-08
21.1548	1.024E-07
21.2296	7.84E-08
21.3	8.16E-08
21.3634	8E-08
21.4292	7.2E-08
21.4928	7.68E-08
21.5598	8.8E-08
21.632	7.04E-08
21.7004	7.36E-08
21.7752	7.2E-08
21.8478	6.08E-08
21.9254	7.36E-08
22.0044	8.48E-08
22.0716	5.44E-08
22.141	7.84E-08
22.2114	8.16E-08
22.2858	6.88E-08
22.3642	6.88E-08
22.4448	7.52E-08
22.5194	5.92E-08
22.5898	6.88E-08
22.6576	0.000000088
22.73	9.12E-08
22.8068	7.84E-08
22.8894	7.68E-08
22.9692	6.4E-08
23.0474	7.2E-08
23.1222	7.52E-08
23.1976	7.52E-08
23.2706	5.76E-08
23.3422	8.64E-08
23.4268	7.84E-08
23.5078	7.36E-08
23.5828	8.32E-08
23.6506	7.2E-08
23.7184	7.68E-08
23.8054	5.76E-08
23.8748	7.84E-08
23.9424	8.64E-08
24.0106	7.52E-08
24.0892	6.88E-08
24.165	7.2E-08
24.2376	8.8E-08
24.3132	8.32E-08
24.3982	6.88E-08
24.4812	7.52E-08
24.5586	7.84E-08
24.631	7.52E-08
24.7008	7.36E-08
24.7846	6.88E-08
24.8658	6.88E-08
24.9444	7.52E-08
25.0184	8.64E-08
25.091	7.52E-08
25.1616	7.52E-08
25.233	8.16E-08
25.3072	6.88E-08
25.3826	7.04E-08
25.4548	7.2E-08
25.5288	7.84E-08
25.6024	5.44E-08
25.6728	7.36E-08
25.7434	7.52E-08
25.817	7.84E-08
25.9018	7.84E-08
25.9834	7.04E-08
26.063	8.48E-08
26.141	7.52E-08
26.218	7.2E-08
26.2938	8.64E-08
26.3662	8.16E-08
26.4372	8.32E-08
26.5092	5.92E-08
26.5894	5.76E-08
26.6684	6.72E-08
26.742	5.92E-08
26.8122	7.2E-08
26.8862	7.36E-08
26.9582	8E-08
27.0318	5.76E-08
27.1064	6.88E-08
27.1758	6.4E-08
27.2476	7.04E-08
27.3236	5.28E-08
27.4034	6.56E-08
27.4812	7.04E-08
27.5588	6.88E-08
27.6366	6.88E-08
27.7146	6.72E-08
27.7944	7.2E-08
27.8686	6.72E-08
27.9414	6.24E-08
28.0158	5.76E-08
28.0862	5.12E-08
28.1582	7.04E-08
28.2296	5.6E-08
28.3008	6.4E-08
28.3796	5.76E-08
28.4582	7.2E-08
28.5386	6.88E-08
28.6176	6.72E-08
28.6948	7.52E-08
28.7716	7.04E-08
28.8478	8.32E-08
28.9218	6.4E-08
28.9936	6.56E-08
29.0656	7.36E-08
29.1396	6.4E-08
29.211	7.84E-08
29.2848	6.88E-08
29.3576	7.52E-08
29.4298	8.16E-08
29.5028	7.84E-08
29.574	7.52E-08
29.6484	8E-08
29.7252	6.56E-08
29.8022	6.08E-08
29.8806	4.8E-08
29.9586	6.88E-08
30.0356	7.2E-08
30.1126	8.16E-08
30.1886	7.2E-08
30.268	7.04E-08
30.3422	6.88E-08
30.4158	6.08E-08
30.4916	6.4E-08
30.5632	7.04E-08
30.6324	6.08E-08
30.7058	6.56E-08
30.7782	6.08E-08
30.8526	7.04E-08
30.9276	5.76E-08
31.0022	5.76E-08
31.0754	4.8E-08
31.149	7.36E-08
31.2256	5.28E-08
31.3056	7.04E-08
31.385	7.2E-08
31.4636	8E-08
31.5414	6.88E-08
31.6188	7.2E-08
31.6946	6.08E-08
31.7702	6.88E-08
31.8464	6.56E-08
31.9222	6.24E-08
31.9978	6.88E-08
32.0692	6.4E-08
32.1422	5.76E-08
32.2152	5.44E-08
32.2886	6.08E-08
32.364	8.32E-08
32.4378	5.44E-08
32.5126	6.72E-08
32.5886	4.96E-08
32.6606	6.56E-08
32.7332	6.4E-08
32.8074	5.44E-08
32.8792	4.96E-08
32.9528	5.44E-08
33.028	5.28E-08
33.103	5.76E-08
33.1774	4.64E-08
33.2526	6.56E-08
33.3284	4.48E-08
33.406	5.12E-08
33.4868	6.08E-08
33.5646	6.88E-08
33.6418	5.28E-08
33.7188	6.88E-08
33.7962	5.44E-08
33.873	5.12E-08
33.9482	6.24E-08
34.0228	6.4E-08
34.0958	7.2E-08
34.1674	4.96E-08
34.2408	6.08E-08
34.313	6.88E-08
34.3854	6.24E-08
34.4596	5.44E-08
34.5346	5.92E-08
34.6096	5.12E-08
34.6834	4.8E-08
34.7578	4.48E-08
34.8326	4.96E-08
34.9082	4.32E-08
34.9808	5.44E-08
35.0538	5.92E-08
35.128	5.28E-08
35.203	6.24E-08
35.2802	5.6E-08
35.353	5.28E-08
35.4268	4.96E-08
35.4992	6.88E-08
35.5728	6.88E-08
35.6462	5.76E-08
35.7198	4.96E-08
35.7982	7.04E-08
35.8752	6.72E-08
35.9542	6.08E-08
36.0336	4.48E-08
36.11	5.44E-08
36.1916	5.92E-08
36.2684	5.92E-08
36.3458	5.44E-08
36.4216	4.16E-08
36.498	4.8E-08
36.573	0.000000048
36.6472	6.24E-08
36.723	5.28E-08
36.7976	6.56E-08
36.8694	4.8E-08
36.9448	4E-08
37.0224	5.28E-08
37.0942	7.36E-08
37.1678	6.08E-08
37.2418	6.72E-08
37.3134	4.64E-08
37.388	4.8E-08
37.4612	4.16E-08
37.5352	5.28E-08
37.6094	5.44E-08
37.6836	7.36E-08
37.7588	5.44E-08
37.8318	7.52E-08
37.9064	3.84E-08
37.98	4.64E-08
38.0544	6.4E-08
38.1284	5.28E-08
38.2042	5.28E-08
38.2796	5.76E-08
38.3532	6.24E-08
38.4278	6.56E-08
38.5028	4.16E-08
38.578	5.44E-08
38.6546	5.92E-08
38.7302	4.32E-08
38.8088	5.28E-08
38.8864	6.08E-08
38.963	5.92E-08
39.041	5.6E-08
39.1178	6.56E-08
39.195	6.56E-08
39.2706	7.84E-08
39.347	6.56E-08
39.4224	5.44E-08
39.4996	5.76E-08
39.5744	6.08E-08
39.6478	6.4E-08
39.7208	6.08E-08
39.794	6.24E-08
39.8678	5.6E-08
39.9414	4.96E-08
40.0154	5.28E-08
40.0896	5.6E-08
40.1646	3.84E-08
40.2388	6.56E-08
40.3118	4.96E-08
40.387	4E-08
40.461	4.32E-08
40.5358	4.64E-08
40.611	4.96E-08
40.685	4.16E-08
40.7602	4.48E-08
40.8348	4.48E-08
40.9078	3.84E-08
40.9854	4.8E-08
41.0578	6.56E-08
41.1318	4.48E-08
41.2066	5.6E-08
41.279	5.28E-08
41.3522	4.96E-08
41.4262	5.92E-08
41.5008	5.44E-08
41.5742	4.16E-08
41.6492	5.76E-08
41.7242	6.56E-08
41.7994	5.6E-08
41.8742	4.64E-08
41.9496	4.96E-08
42.0254	4.32E-08
42.1026	5.92E-08
42.1784	5.28E-08
42.254	4.64E-08
42.329	5.6E-08
42.405	5.44E-08
42.4804	6.4E-08
42.556	5.92E-08
42.6302	4.16E-08
42.704	5.92E-08
42.7794	7.04E-08
42.8512	6.24E-08
42.9268	4.96E-08
43.001	5.12E-08
43.076	6.24E-08
43.151	6.72E-08
43.2272	4.64E-08
43.3002	4.32E-08
43.3758	4.32E-08
43.4508	6.72E-08
43.526	5.92E-08
43.6004	4.16E-08
43.676	8E-08
43.754	5.12E-08
43.8294	4.96E-08
43.907	6.88E-08
43.9804	6.24E-08
44.0552	5.12E-08
44.1298	7.36E-08
44.2042	5.28E-08
44.2796	6.24E-08
44.3546	5.76E-08
44.4302	5.6E-08
44.5052	5.76E-08
44.5798	5.12E-08
44.655	4.64E-08
44.7308	5.92E-08
44.8058	6.08E-08
44.8822	4.96E-08
44.956	4.96E-08
45.0328	5.28E-08
45.106	2.72E-08
45.181	6.72E-08
45.255	5.76E-08
45.3302	4.8E-08
45.4046	5.6E-08
45.4816	5.12E-08
45.5552	5.92E-08
45.63	6.4E-08
45.7064	5.6E-08
45.7808	5.12E-08
45.8562	5.76E-08
45.93	5.44E-08
46.005	4.64E-08
46.081	5.44E-08
46.1546	6.4E-08
46.2282	4.64E-08
46.3022	4.64E-08
46.376	4.16E-08
46.4518	4.64E-08
46.5252	5.76E-08
46.598	3.68E-08
46.6734	4.32E-08
46.7476	5.28E-08
46.8232	3.68E-08
46.8988	6.72E-08
46.9722	5.92E-08
47.048	5.76E-08
47.1248	4.96E-08
47.199	5.44E-08
47.2746	6.24E-08
47.3512	5.12E-08
47.4272	5.92E-08
47.4998	5.76E-08
47.5752	6.56E-08
47.6496	7.2E-08
47.7248	5.92E-08
47.7984	7.68E-08
47.8734	4.96E-08
47.9472	7.04E-08
48.0188	7.68E-08
48.094	5.44E-08
48.1686	5.12E-08
48.244	4.96E-08
48.3214	7.36E-08
48.3962	4E-08
48.472	6.08E-08
48.5478	6.24E-08
48.622	3.68E-08
48.697	5.92E-08
48.772	6.56E-08
48.8474	6.88E-08
48.9226	6.4E-08
48.997	6.08E-08
49.0716	6.4E-08
49.1466	5.28E-08
49.2204	0.000000048
49.295	4.8E-08
49.3694	5.44E-08
49.4456	5.6E-08
49.5192	5.76E-08
49.5938	7.52E-08
49.6696	4.8E-08
49.741	7.52E-08
49.813	7.52E-08
49.8888	7.68E-08
49.9612	6.72E-08
50.0354	7.36E-08
50.11	6.08E-08
50.186	4.32E-08
50.2584	6.72E-08
50.3346	5.28E-08
50.4082	5.92E-08
50.4804	4.96E-08
50.5548	5.92E-08
50.6292	6.56E-08
50.7052	4.16E-08
50.7798	4.8E-08
50.8526	6.24E-08
50.9312	4.48E-08
51.0062	5.6E-08
51.0792	4.96E-08
51.1544	5.44E-08
51.2284	5.44E-08
51.3054	6.56E-08
51.383	6.56E-08
51.4596	6.08E-08
51.535	5.92E-08
51.6086	6.08E-08
51.6834	5.92E-08
51.7588	5.76E-08
51.8346	6.72E-08
51.9108	8E-08
51.9848	6.24E-08
52.061	5.6E-08
52.1346	6.56E-08
52.2118	5.6E-08
52.287	5.76E-08
52.3628	6.24E-08
52.439	6.24E-08
52.512	6.08E-08
52.5884	7.36E-08
52.6634	5.92E-08
52.7378	6.08E-08
52.816	6.24E-08
52.887	5.92E-08
52.9618	4.16E-08
53.0374	7.04E-08
53.1114	6.24E-08
53.1864	5.44E-08
53.2614	6.88E-08
53.336	6.4E-08
53.4114	6.24E-08
53.485	5.92E-08
53.5604	5.12E-08
53.6348	7.2E-08
53.711	6.56E-08
53.7848	4.96E-08
53.8604	6.08E-08
53.9344	7.84E-08
54.01	6.72E-08
54.0844	6.08E-08
54.1594	7.84E-08
54.235	6.4E-08
54.3098	6.72E-08
54.384	6.56E-08
54.4574	7.04E-08
54.532	7.84E-08
54.607	6.08E-08
54.6836	5.12E-08
54.7574	5.44E-08
54.8352	5.6E-08
54.9074	5.12E-08
54.9822	5.92E-08
55.058	5.92E-08
55.1328	6.24E-08
55.2072	5.28E-08
55.286	5.76E-08
55.358	7.2E-08
55.4324	7.36E-08
55.507	6.56E-08
55.5828	6.24E-08
55.658	7.52E-08
55.7342	7.36E-08
55.8096	6.08E-08
55.8828	6.88E-08
55.9574	7.36E-08
56.0324	6.88E-08
56.107	7.52E-08
56.1822	7.68E-08
56.2582	7.36E-08
56.3306	6.72E-08
56.4052	8.64E-08
56.4806	6.4E-08
56.5526	7.84E-08
56.6274	7.04E-08
56.6996	7.36E-08
56.7726	7.2E-08
56.845	6.08E-08
56.9178	5.44E-08
56.9908	5.76E-08
57.072	5.92E-08
57.145	6.56E-08
57.2182	6.56E-08
57.291	6.4E-08
57.3666	5.6E-08
57.4404	6.24E-08
57.5138	6.88E-08
57.5882	5.44E-08
57.6626	6.4E-08
57.737	7.52E-08
57.811	6.4E-08
57.8868	6.4E-08
57.9628	8.8E-08
58.0366	7.68E-08
58.112	7.84E-08
58.188	5.12E-08
58.263	7.2E-08
58.339	6.88E-08
58.4134	6.4E-08
58.49	6.88E-08
58.5632	8.8E-08
58.6382	5.12E-08
58.7132	8.16E-08
58.7886	6.08E-08
58.8648	7.84E-08
58.9404	8.96E-08
59.016	7.36E-08
59.0916	7.52E-08
59.166	6.72E-08
59.2424	6.88E-08
59.318	8.16E-08
59.3936	7.36E-08
59.4688	7.04E-08
59.5452	5.76E-08
59.619	6.08E-08
59.695	6.4E-08
59.7712	7.52E-08
59.8464	6.4E-08
59.922	8E-08
59.9962	6.56E-08
60.0718	6.72E-08
60.147	7.36E-08
60.2214	6.4E-08
60.297	7.36E-08
60.372	8.48E-08
60.447	8.32E-08
60.5218	6.88E-08
60.5978	7.52E-08
60.672	7.84E-08
60.747	8.32E-08
60.8232	7.84E-08
60.8966	8.64E-08
60.971	7.52E-08
61.0448	9.28E-08
61.118	7.52E-08
61.1932	8E-08
61.268	8.8E-08
61.3426	7.68E-08
61.418	8E-08
61.496	7.36E-08
61.5676	8E-08
61.6414	8.48E-08
61.7172	6.72E-08
61.7922	6.56E-08
61.867	7.2E-08
61.944	6.56E-08
62.0174	8E-08
62.0932	8.16E-08
62.1684	8.96E-08
62.2408	8.96E-08
62.316	8.16E-08
62.391	7.84E-08
62.466	9.28E-08
62.5404	8.16E-08
62.617	7.2E-08
62.6938	7.52E-08
62.767	6.88E-08
62.8412	8E-08
62.9154	8.64E-08
62.9928	8.96E-08
63.0644	9.12E-08
63.1444	8.16E-08
63.2158	9.12E-08
63.2866	0.000000104
63.3626	7.52E-08
63.4364	9.6E-08
63.508	7.36E-08
63.5796	7.84E-08
63.6568	8.48E-08
63.7296	8.16E-08
63.8054	7.36E-08
63.879	9.12E-08
63.9528	7.84E-08
64.027	7.52E-08
64.1014	9.92E-08
64.1756	6.08E-08
64.251	9.12E-08
64.3254	8E-08
64.4	8.64E-08
64.4724	7.36E-08
64.5468	8.16E-08
64.6212	7.52E-08
64.6962	8.48E-08
64.771	7.68E-08
64.8464	9.28E-08
64.9214	8.96E-08
64.9952	7.84E-08
65.072	8.16E-08
65.1476	6.56E-08
65.222	7.68E-08
65.2966	7.36E-08
65.3738	8.64E-08
65.4476	7.04E-08
65.5236	8.16E-08
65.5978	8.48E-08
65.673	6.08E-08
65.7484	1.008E-07
65.8228	1.056E-07
65.8992	8.96E-08
65.975	9.12E-08
66.0494	1.024E-07
66.1264	9.92E-08
66.2004	9.12E-08
66.2756	0.000000104
66.351	8.96E-08
66.4286	9.12E-08
66.502	9.6E-08
66.5782	1.024E-07
66.653	9.92E-08
66.7272	8.8E-08
66.803	8.64E-08
66.8786	8E-08
66.9532	8.16E-08
67.028	7.2E-08
67.105	8.8E-08
67.1776	9.44E-08
67.2538	9.12E-08
67.3276	8E-08
67.4016	8.48E-08
67.477	8.32E-08
67.553	8.64E-08
67.6266	8E-08
67.701	9.28E-08
67.7758	8.96E-08
67.8502	8.32E-08
67.9242	8.8E-08
67.9988	0.000000088
68.073	8.48E-08
68.1462	9.44E-08
68.222	8.96E-08
68.2964	1.104E-07
68.37	8.8E-08
68.4444	8.16E-08
68.5192	9.6E-08
68.5938	8.96E-08
68.669	9.28E-08
68.745	9.12E-08
68.818	9.44E-08
68.8936	9.92E-08
68.9696	9.28E-08
69.043	8.96E-08
69.1162	8.64E-08
69.1904	9.76E-08
69.2634	1.008E-07
69.3396	1.056E-07
69.4112	9.44E-08
69.486	8.96E-08
69.5588	9.92E-08
69.633	9.12E-08
69.707	7.2E-08
69.7834	9.76E-08
69.8596	8.8E-08
69.9296	9.12E-08
70.006	8.64E-08
70.08	7.04E-08
70.159	7.36E-08
70.2338	1.088E-07
70.307	8.16E-08
70.3814	9.6E-08
70.456	9.6E-08
70.5302	8.32E-08
70.6068	8.32E-08
70.6816	1.056E-07
70.7556	9.28E-08
70.831	8.96E-08
70.905	1.184E-07
70.9804	0.000000104
71.0562	0.000000104
71.1316	1.024E-07
71.2066	9.12E-08
71.282	1.104E-07
71.356	9.92E-08
71.432	1.008E-07
71.506	1.008E-07
71.582	8.96E-08
71.6564	9.28E-08
71.731	1.104E-07
71.8074	1.072E-07
71.882	9.44E-08
71.9578	1.136E-07
72.0312	9.76E-08
72.1072	1.04E-07
72.183	1.088E-07
72.2564	1.008E-07
72.332	0.000000112
72.408	1.072E-07
72.4812	9.92E-08
72.5564	1.12E-07
72.631	1.152E-07
72.706	1.088E-07
72.7812	7.84E-08
72.857	1.072E-07
72.9308	1.024E-07
73.0056	1.056E-07
73.0802	1.12E-07
73.1558	9.76E-08
73.2302	8.96E-08
73.3058	0.000000104
73.3798	9.92E-08
73.455	1.056E-07
73.532	1.024E-07
73.6048	1.088E-07
73.68	1.056E-07
73.7552	1.152E-07
73.8302	1.184E-07
73.9054	1.12E-07
73.9808	1.072E-07
74.0556	1.008E-07
74.131	0.000000112
74.207	1.168E-07
74.2818	1.008E-07
74.357	1.088E-07
74.4306	8.48E-08
74.505	1.024E-07
74.5806	0.000000104
74.6544	1.024E-07
74.7274	1.072E-07
74.804	1.104E-07
74.8788	1.072E-07
74.9538	1.216E-07
75.0276	1.184E-07
75.1016	1.2E-07
75.176	1.184E-07
75.2488	1.152E-07
75.3224	1.072E-07
75.3954	1.232E-07
75.469	1.12E-07
75.5428	9.92E-08
75.6158	1.072E-07
75.69	1.104E-07
75.766	1.024E-07
75.8388	1.216E-07
75.9122	1.216E-07
75.9868	9.92E-08
76.0614	1.056E-07
76.1358	1.184E-07
76.21	1.056E-07
76.2836	1.008E-07
76.3572	1.072E-07
76.4354	0.000000104
76.5086	1.168E-07
76.5816	1.216E-07
76.6592	1.168E-07
76.7372	1.168E-07
76.811	1.184E-07
76.8854	1.008E-07
76.961	1.088E-07
77.0358	1.136E-07
77.1112	1.152E-07
77.185	1.152E-07
77.261	1.088E-07
77.3358	1.024E-07
77.411	1.168E-07
77.486	1.168E-07
77.5608	1.168E-07
77.6366	1.024E-07
77.7112	1.184E-07
77.7866	0.00000012
77.8624	0.000000112
77.9368	1.216E-07
78.0112	1.12E-07
78.0864	1.056E-07
78.1636	1.184E-07
78.2366	1.152E-07
78.313	9.92E-08
78.387	1.264E-07
78.4612	1.2E-07
78.5362	1.2E-07
78.6118	1.248E-07
78.6866	1.136E-07
78.763	0.000000104
78.839	1.2E-07
78.9122	1.056E-07
78.9864	1.328E-07
79.0614	1.28E-07
79.136	1.056E-07
79.211	1.248E-07
79.2866	1.232E-07
79.365	1.168E-07
79.439	0.000000112
79.512	1.248E-07
79.588	9.92E-08
79.6612	1.152E-07
79.7366	1.248E-07
79.813	1.28E-07
79.889	1.248E-07
79.962	1.248E-07
80.037	1.104E-07
80.1124	1.152E-07
80.187	1.328E-07
80.262	1.216E-07
80.339	1.264E-07
80.412	1.248E-07
80.4878	1.296E-07
80.562	0.00000012
80.638	1.12E-07
80.712	1.168E-07
80.787	1.216E-07
80.862	0.00000012
80.937	1.168E-07
81.0128	1.36E-07
81.085	1.12E-07
81.1588	1.136E-07
81.2312	0.000000112
81.3044	1.264E-07
81.377	1.568E-07
81.452	1.44E-07
81.5246	1.376E-07
81.5974	1.232E-07
81.6726	1.328E-07
81.7452	1.248E-07
81.8202	1.248E-07
81.894	1.2E-07
81.968	1.2E-07
82.043	1.328E-07
82.116	1.392E-07
82.1914	1.456E-07
82.265	1.248E-07
82.3392	1.408E-07
82.4148	1.28E-07
82.4906	1.152E-07
82.565	1.216E-07
82.6394	1.104E-07
82.7124	1.216E-07
82.791	1.28E-07
82.864	1.296E-07
82.939	1.264E-07
83.0112	1.264E-07
83.0878	1.264E-07
83.161	0.00000012
83.2356	1.36E-07
83.3104	1.248E-07
83.388	1.248E-07
83.462	1.2E-07
83.5382	1.392E-07
83.615	1.296E-07
83.69	1.264E-07
83.7656	1.392E-07
83.8406	1.152E-07
83.917	1.264E-07
83.992	1.408E-07
84.066	1.312E-07
84.141	1.36E-07
84.216	1.232E-07
84.291	1.328E-07
84.3668	1.264E-07
84.4418	1.232E-07
84.517	1.472E-07
84.593	1.456E-07
84.667	1.328E-07
84.7424	0.000000136
84.818	1.28E-07
84.893	1.312E-07
84.968	1.344E-07
85.0432	1.344E-07
85.1204	1.232E-07
85.195	1.168E-07
85.2688	1.184E-07
85.344	1.264E-07
85.42	1.328E-07
85.494	1.312E-07
85.57	1.36E-07
85.6444	1.44E-07
85.72	1.36E-07
85.7956	1.44E-07
85.8698	1.264E-07
85.9456	1.312E-07
86.02	1.392E-07
86.0946	1.424E-07
86.1706	1.408E-07
86.2444	1.376E-07
86.319	1.376E-07
86.394	1.216E-07
86.469	1.296E-07
86.543	1.376E-07
86.6192	1.312E-07
86.6928	1.552E-07
86.7672	1.376E-07
86.8432	1.296E-07
86.9182	1.488E-07
86.9912	1.424E-07
87.0656	1.456E-07
87.1428	1.296E-07
87.2122	1.36E-07
87.2854	1.376E-07
87.36	1.216E-07
87.432	1.296E-07
87.5052	1.344E-07
87.5798	1.376E-07
87.6532	1.248E-07
87.7266	0.000000144
87.8006	1.36E-07
87.8728	1.312E-07
87.9462	1.344E-07
88.0202	1.216E-07
88.0948	1.344E-07
88.1702	1.392E-07
88.2424	1.408E-07
88.3164	1.28E-07
88.3926	1.36E-07
88.468	1.28E-07
88.5406	1.376E-07
88.6174	1.44E-07
88.6902	1.504E-07
88.765	1.424E-07
88.8428	0.000000152
88.9196	1.392E-07
88.9912	1.808E-07
89.0702	2.192E-07
89.1434	2.432E-07
89.217	2.944E-07
89.292	0.000000368
89.3664	4.208E-07
89.4422	4.976E-07
89.5174	5.536E-07
89.5962	6.384E-07
89.6718	6.864E-07
89.747	7.552E-07
89.8246	8.128E-07
89.9002	8.48E-07
89.975	8.928E-07
90.049	9.312E-07
90.1254	9.792E-07
90.2	1.0272E-06
90.2746	0.000001056
90.35	1.1056E-06
90.425	1.1488E-06
90.5002	1.1824E-06
90.5756	1.2144E-06
90.6514	0.00000128
90.7262	0.000001392
90.802	0.000001536
90.8766	1.7712E-06
90.9514	0.000002064
91.0262	2.4208E-06
91.102	2.8672E-06
91.178	3.3408E-06
91.252	3.7776E-06
91.327	0.000004168
91.401	4.4608E-06
91.4768	0.000004688
91.5524	4.8496E-06
91.6264	4.9664E-06
91.7024	0.000005048
91.7758	5.0832E-06
91.852	5.1456E-06
91.927	5.1792E-06
92.0016	5.1936E-06
92.0774	5.2064E-06
92.153	5.2432E-06
92.2254	5.2784E-06
92.3006	5.2784E-06
92.3758	5.2912E-06
92.4508	5.3344E-06
92.5254	5.3056E-06
92.6002	0.000005328
92.675	5.3488E-06
92.75	5.3424E-06
92.827	5.3744E-06
92.901	5.3696E-06
92.9758	5.3776E-06
93.05	5.4144E-06
93.1246	5.4064E-06
93.1998	5.4288E-06
93.2746	0.000005432
93.349	0.00000544
93.425	5.4592E-06
93.4988	0.000005456
93.5726	5.4704E-06
93.6464	5.4784E-06
93.7194	0.00000548
93.7934	5.5008E-06
93.8664	5.5072E-06
93.9404	5.5184E-06
94.0154	5.5168E-06
94.0878	5.5296E-06
94.1614	0.000005544
94.236	0.000005552
94.3092	5.5584E-06
94.3834	5.5536E-06
94.4566	5.5792E-06
94.53	5.5872E-06
94.603	5.5984E-06
94.678	5.5984E-06
94.7526	5.6112E-06
94.827	5.6064E-06
94.902	5.6192E-06
94.976	5.6176E-06
95.0512	5.6304E-06
95.1252	0.00000564
95.2	0.000005664
95.275	5.6544E-06
95.3498	5.6528E-06
95.425	5.6688E-06
95.5	0.000005672
95.577	5.6672E-06
95.65	5.6784E-06
95.7248	5.6832E-06
95.8012	5.6976E-06
95.876	5.7152E-06
95.949	5.7024E-06
96.0244	5.7248E-06
96.1004	0.000005736
96.1794	5.7328E-06
96.253	5.7248E-06
96.33	5.7376E-06
96.405	0.000005744
96.48	5.7616E-06
96.5558	5.7696E-06
96.631	5.7584E-06
96.7062	0.000005768
96.782	5.7744E-06
96.8568	0.000005776
96.933	5.7936E-06
97.0092	5.7808E-06
97.0822	5.7904E-06
97.1586	5.8016E-06
97.233	5.8032E-06
97.3082	5.7936E-06
97.3844	5.8272E-06
97.458	5.8144E-06
97.534	5.8128E-06
97.6102	5.8224E-06
97.684	5.8368E-06
97.759	5.8544E-06
97.8346	5.8512E-06
97.9108	5.8592E-06
97.985	5.8656E-06
98.06	0.00000588
98.136	5.8784E-06
98.2102	5.8928E-06
98.2858	5.8832E-06
98.3616	5.8944E-06
98.436	0.000005896
98.5114	5.8976E-06
98.587	0.000005904
98.662	5.9056E-06
98.736	5.9072E-06
98.811	5.9296E-06
98.8868	5.9216E-06
98.961	5.9216E-06
99.0372	5.9232E-06
99.1114	5.9424E-06
99.1874	0.000005944
99.2614	5.9568E-06
99.3372	5.9456E-06
99.411	5.9488E-06
99.486	5.9616E-06
99.5604	5.9744E-06
99.6356	5.9776E-06
99.7106	5.9744E-06
99.7854	5.9872E-06
99.863	6.0016E-06
99.935	6.0128E-06
100.011	6.0192E-06
100.084	0.000006016
100.158	0.000006024
100.234	6.0256E-06
100.308	6.0192E-06
100.384	6.0368E-06
100.458	0.00000604
100.532	0.00000604
100.61	0.000006056
100.678	6.0512E-06
100.752	0.000006048
100.828	6.0512E-06
100.898	6.0608E-06
100.972	6.0512E-06
101.046	6.0576E-06
101.118	6.0672E-06
101.194	6.0656E-06
101.264	0.000006072
101.338	6.0832E-06
101.412	6.0848E-06
101.488	6.0912E-06
101.56	0.000006104
101.632	6.1136E-06
101.708	6.1072E-06
101.782	0.000006104
101.858	6.1312E-06
101.932	6.1264E-06
102.008	6.1264E-06
102.08	6.1344E-06
102.158	6.1392E-06
102.234	6.1408E-06
102.308	6.1504E-06
102.382	6.1424E-06
102.458	6.1472E-06
102.532	6.1472E-06
102.608	6.1728E-06
102.682	6.1568E-06
102.758	6.1776E-06
102.834	0.000006168
102.91	6.1744E-06
102.982	6.1808E-06
103.058	6.1712E-06
103.132	6.1984E-06
103.208	6.1952E-06
103.286	6.1984E-06
103.358	6.2016E-06
103.432	6.2032E-06
103.508	6.2128E-06
103.582	6.2144E-06
103.662	0.000006224
103.736	6.2304E-06
103.812	6.2416E-06
103.888	6.2352E-06
103.964	0.000006248
104.038	6.2432E-06
104.112	6.2464E-06
104.188	6.2416E-06
104.26	6.2512E-06
104.338	6.2416E-06
104.412	6.2448E-06
104.488	6.2656E-06
104.564	6.2512E-06
104.638	6.2704E-06
104.714	6.2688E-06
104.788	6.2672E-06
104.864	6.2736E-06
104.938	6.2944E-06
105.012	0.000006288
105.088	6.3024E-06
105.164	6.3056E-06
105.238	6.3088E-06
105.312	0.000006312
105.388	0.000006304
105.462	6.3264E-06
105.538	6.3232E-06
105.62	6.3168E-06
105.694	6.3472E-06
105.768	0.000006336
105.842	6.3472E-06
105.918	6.3504E-06
105.992	6.3376E-06
106.068	6.3472E-06
106.142	0.000006352
106.218	0.000006352
106.292	6.3632E-06
106.37	6.3664E-06
106.444	6.3648E-06
106.518	6.3872E-06
106.592	6.3808E-06
106.67	6.3744E-06
106.742	6.3888E-06
106.818	6.3856E-06
106.892	0.000006392
106.968	6.3952E-06
107.042	6.4016E-06
107.118	6.3872E-06
107.192	6.4112E-06
107.268	6.4224E-06
107.342	6.4192E-06
107.418	6.4176E-06
107.492	0.000006424
107.564	6.4272E-06
107.642	0.000006424
107.712	6.4144E-06
107.788	6.4416E-06
107.866	0.000006448
107.942	6.4432E-06
108.014	6.4496E-06
108.088	6.4496E-06
108.166	6.4464E-06
108.242	0.000006472
108.314	6.4768E-06
108.388	6.4544E-06
108.462	0.00000648
108.538	0.000006472
108.612	0.000006472
108.688	6.4896E-06
108.766	6.4848E-06
108.84	0.000006488
108.914	6.4896E-06
108.99	6.4896E-06
109.068	6.5072E-06
109.136	6.5104E-06
109.208	0.00000652
109.284	6.5248E-06
109.356	6.5328E-06
109.43	6.5328E-06
109.502	6.5296E-06
109.58	6.5152E-06
109.66	6.5248E-06
109.73	6.5344E-06
109.804	6.5408E-06
109.88	6.5344E-06
109.952	6.5408E-06
110.022	6.5504E-06
110.1	6.5584E-06
110.172	6.5504E-06
110.248	6.5712E-06
110.322	6.5728E-06
110.392	6.5616E-06
110.468	6.5664E-06
110.542	0.000006584
110.618	6.5744E-06
110.692	6.5872E-06
110.768	6.5968E-06
110.842	0.0000066
110.918	0.000006592
110.992	6.5952E-06
111.07	6.6032E-06
111.144	0.000006608
111.218	6.6096E-06
111.292	0.000006624
111.368	6.6016E-06
111.444	6.6176E-06
111.518	6.6176E-06
111.592	6.6176E-06
111.666	6.6288E-06
111.74	6.6288E-06
111.814	6.6432E-06
111.896	6.6368E-06
111.966	6.6496E-06
112.04	6.6416E-06
112.118	6.6528E-06
112.192	0.000006656
112.268	6.6736E-06
112.342	6.6528E-06
112.42	6.6592E-06
112.492	0.000006672
112.568	6.6736E-06
112.642	6.6752E-06
112.718	6.6768E-06
112.792	6.6864E-06
112.868	6.6944E-06
112.944	6.6848E-06
113.018	6.6848E-06
113.092	6.7104E-06
113.17	6.6912E-06
113.244	6.7072E-06
113.32	6.6992E-06
113.394	6.7024E-06
113.472	0.00000672
113.55	6.7296E-06
113.624	6.7232E-06
113.698	6.7264E-06
113.772	6.7248E-06
113.848	6.7408E-06
113.922	6.7312E-06
113.998	6.7248E-06
114.072	6.7296E-06
114.148	6.7312E-06
114.224	6.7568E-06
114.3	6.7504E-06
114.372	6.7584E-06
114.448	6.7696E-06
114.522	6.7664E-06
114.596	6.7696E-06
114.67	6.7664E-06
114.746	6.7744E-06
114.822	6.7728E-06
114.902	6.7664E-06
114.972	6.7792E-06
115.048	6.7776E-06
115.124	6.8016E-06
115.2	0.000006784
115.272	6.8032E-06
115.348	6.8048E-06
115.424	6.7872E-06
115.5	6.8176E-06
115.574	6.8128E-06
115.648	6.8176E-06
115.724	6.8128E-06
115.798	6.8336E-06
115.876	6.8304E-06
115.95	6.8336E-06
116.022	0.000006824
116.098	6.8512E-06
116.174	0.00000684
116.248	6.8352E-06
116.322	6.8432E-06
116.398	0.000006848
116.472	0.000006848
116.554	6.8544E-06
116.628	0.000006856
116.702	6.8688E-06
116.78	0.000006864
116.852	0.000006864
116.928	6.8544E-06
117.002	6.8704E-06
117.078	6.8928E-06
117.152	6.8912E-06
117.228	6.8864E-06
117.302	6.8992E-06
117.378	6.8992E-06
117.452	6.9104E-06
117.528	6.9024E-06
117.602	6.9056E-06
117.678	6.9024E-06
117.752	0.000006896
117.83	6.9088E-06
117.902	6.9088E-06
117.978	6.9184E-06
118.052	6.9184E-06
118.124	6.9376E-06
118.198	6.9072E-06
118.272	6.9232E-06
118.342	6.9376E-06
118.42	6.9376E-06
118.492	6.9504E-06
118.562	6.9376E-06
118.638	6.9488E-06
118.714	6.9424E-06
118.788	6.9504E-06
118.858	6.9456E-06
118.932	6.9664E-06
119.008	0.00000696
119.084	6.9488E-06
119.16	6.9664E-06
119.228	6.9728E-06
119.302	6.9632E-06
119.378	6.9792E-06
119.452	0.000006984
119.528	0.000006984
119.602	6.9728E-06
119.676	6.9936E-06
119.748	0.000006992
119.822	6.9936E-06
119.898	7.0064E-06
119.972	7.0064E-06
120.048	7.0176E-06
120.122	7.0032E-06
120.198	0.000007032
120.272	7.0208E-06
120.348	7.0368E-06
120.422	7.0432E-06
120.498	7.0288E-06
120.576	7.0448E-06
120.648	7.0448E-06
120.722	0.000007048
120.8	7.0288E-06
120.872	7.0432E-06
120.948	7.0432E-06
121.022	7.0496E-06
121.098	7.0656E-06
121.176	7.0496E-06
121.248	7.0592E-06
121.322	7.0544E-06
121.398	7.0576E-06
121.476	7.0752E-06
121.548	7.0752E-06
121.622	7.0816E-06
121.7	7.0768E-06
121.772	7.0688E-06
121.85	0.00000708
121.924	7.0816E-06
122	7.0736E-06
122.072	0.000007088
122.15	7.1104E-06
122.226	0.000007088
122.304	7.1056E-06
122.38	7.1248E-06
122.454	7.0992E-06
122.53	7.1104E-06
122.604	7.0992E-06
122.678	7.1152E-06
122.756	7.1312E-06
122.828	7.1328E-06
122.902	7.1216E-06
122.982	7.1264E-06
123.058	7.1376E-06
123.134	7.1392E-06
123.212	7.1488E-06
123.288	0.000007144
123.362	7.1376E-06
123.44	7.1392E-06
123.512	0.000007144
123.588	7.1648E-06
123.662	7.1456E-06
123.738	0.00000716
123.812	7.1776E-06
123.888	7.1776E-06
123.962	7.1968E-06
124.038	7.1776E-06
124.112	0.000007168
124.188	7.1744E-06
124.262	7.1856E-06
124.338	0.000007192
124.414	7.1968E-06
124.488	7.2016E-06
124.562	7.1904E-06
124.638	0.0000072
124.712	0.000007208
124.79	0.0000072
124.866	7.2096E-06
124.938	0.000007224
125.012	0.000007216
125.088	7.2288E-06
125.162	7.2336E-06
125.238	7.2224E-06
125.312	7.2128E-06
125.388	7.2368E-06
125.462	7.2432E-06
125.538	7.2544E-06
125.614	0.000007232
125.688	0.000007248
125.762	7.2544E-06
125.838	7.2576E-06
125.912	7.2464E-06
125.988	7.2544E-06
126.062	7.2592E-06
126.14	0.000007256
126.212	7.2544E-06
126.29	7.2672E-06
126.362	0.000007272
126.44	7.2672E-06
126.508	0.00000728
126.586	0.000007264
126.658	0.00000728
126.732	0.000007288
126.808	0.000007304
126.882	0.000007288
126.96	0.00000728
127.032	7.2896E-06
127.108	0.000007304
127.184	7.2864E-06
127.258	7.2976E-06
127.334	7.2976E-06
127.408	7.3088E-06
127.482	7.3104E-06
127.558	7.3264E-06
127.63	7.3232E-06
127.702	7.3232E-06
127.778	0.000007336
127.854	0.000007336
127.924	7.3376E-06
127.998	7.3232E-06
128.072	7.3376E-06
128.15	0.000007344
128.218	7.3488E-06
128.292	0.000007344
128.364	7.3568E-06
128.44	7.3664E-06
128.512	7.3504E-06
128.59	7.3408E-06
128.662	7.3648E-06
128.734	0.000007376
128.81	7.3824E-06
128.884	0.000007368
128.962	7.3792E-06
129.034	7.3712E-06
129.112	0.000007376
129.188	7.3888E-06
129.262	7.3872E-06
129.338	7.3936E-06
129.412	7.4016E-06
129.488	0.000007408
129.562	0.000007408
129.638	7.4208E-06
129.714	0.000007408
129.788	7.4192E-06
129.862	7.4096E-06
129.94	7.4192E-06
130.012	0.000007432
130.088	7.4144E-06
130.162	7.4048E-06
130.238	7.4192E-06
130.312	7.4336E-06
130.388	7.4304E-06
130.464	7.4112E-06
130.538	7.4304E-06
130.616	7.4256E-06
130.692	7.4544E-06
130.768	7.4512E-06
130.842	7.4544E-06
130.92	0.000007448
130.992	0.000007456
131.068	7.4448E-06
131.142	0.000007448
131.22	7.4624E-06
131.292	0.00000748
131.368	0.000007456
131.442	7.4752E-06
131.52	0.000007472
131.594	7.4912E-06
131.668	7.4928E-06
131.742	0.000007488
131.818	0.000007488
131.894	7.4912E-06
131.97	7.4992E-06
132.044	7.4992E-06
132.122	7.5056E-06
132.196	0.000007504
132.274	7.5104E-06
132.348	7.4976E-06
132.422	7.5008E-06
132.498	7.5024E-06
132.572	7.5184E-06
132.65	7.5232E-06
132.722	7.5248E-06
132.798	0.000007528
132.872	7.5344E-06
132.948	7.5408E-06
133.026	7.5344E-06
133.098	7.5456E-06
133.172	7.5296E-06
133.248	7.5568E-06
133.322	7.5568E-06
133.4	7.5568E-06
133.472	7.5504E-06
133.548	0.000007568
133.624	0.000007576
133.698	7.5664E-06
133.774	7.5744E-06
133.85	7.5584E-06
133.922	7.5648E-06
133.998	7.5744E-06
134.074	7.5792E-06
134.148	7.5808E-06
134.224	7.5776E-06
134.298	7.5872E-06
134.372	7.5792E-06
134.45	7.5936E-06
134.524	7.5904E-06
134.598	7.6208E-06
134.672	7.5936E-06
134.748	7.6032E-06
134.822	7.5952E-06
134.898	7.6032E-06
134.972	0.000007616
135.046	7.6048E-06
135.118	7.6112E-06
135.198	7.5984E-06
135.272	7.6096E-06
135.346	7.6304E-06
135.42	7.6336E-06
135.494	7.6192E-06
135.574	0.000007648
135.642	0.000007656
135.722	7.6464E-06
135.792	7.6496E-06
135.872	7.6368E-06
135.946	7.6608E-06
136.024	7.6592E-06
136.102	7.6432E-06
136.178	7.6672E-06
136.25	7.6624E-06
136.324	7.6656E-06
136.398	7.6848E-06
136.478	7.6848E-06
136.552	7.6832E-06
136.624	0.000007688
136.698	7.6736E-06
136.774	0.000007696
136.848	0.000007704
136.93	7.6848E-06
136.998	7.6848E-06
137.074	0.000007704
137.148	7.6912E-06
137.222	7.6976E-06
137.3	7.6992E-06
137.372	7.6976E-06
137.448	7.7152E-06
137.522	7.7104E-06
137.6	7.7136E-06
137.672	7.7216E-06
137.746	0.000007736
137.818	7.7168E-06
137.894	7.7184E-06
137.968	0.000007728
138.042	7.7248E-06
138.112	7.7328E-06
138.188	0.000007744
138.262	7.7456E-06
138.338	7.7328E-06
138.412	7.7536E-06
138.486	7.7488E-06
138.558	7.7552E-06
138.632	0.000007776
138.708	7.7664E-06
138.784	7.7648E-06
138.858	0.000007768
138.932	7.7648E-06
139.008	7.7824E-06
139.082	7.7872E-06
139.154	7.7936E-06
139.228	7.7856E-06
139.302	7.7776E-06
139.378	7.8032E-06
139.452	0.000007784
139.528	0.000007816
139.602	7.7952E-06
139.678	0.000007792
139.752	7.8032E-06
139.83	0.000007808
139.902	7.8112E-06
139.978	7.8144E-06
140.054	7.8032E-06
140.13	0.000007816
140.202	0.000007824
140.278	7.8288E-06
140.352	7.8272E-06
140.43	7.8272E-06
140.502	7.8208E-06
140.58	7.8272E-06
140.652	7.8336E-06
140.728	7.8304E-06
140.802	7.8288E-06
140.878	7.8448E-06
140.956	7.8464E-06
141.032	7.8528E-06
141.108	0.000007856
141.182	0.000007848
141.258	7.8512E-06
141.332	7.8752E-06
141.408	7.8784E-06
141.482	7.8592E-06
141.558	7.8496E-06
141.632	0.00000788
141.704	0.000007864
141.78	7.8704E-06
141.858	7.8848E-06
141.936	0.000007872
142.012	7.8832E-06
142.088	7.8896E-06
142.162	0.000007888
142.238	7.8976E-06
142.314	7.8944E-06
142.39	0.000007888
142.462	7.9008E-06
142.538	7.8992E-06
142.614	7.9088E-06
142.69	7.9072E-06
142.764	7.9008E-06
142.84	7.9088E-06
142.912	7.9104E-06
142.988	7.9312E-06
143.062	7.9184E-06
143.138	7.9376E-06
143.212	7.9408E-06
143.29	7.9296E-06
143.364	7.9344E-06
143.438	0.000007936
143.512	0.000007944
143.59	7.9504E-06
143.662	7.9424E-06
143.738	7.9472E-06
143.812	7.9488E-06
143.892	7.9648E-06
143.97	7.9472E-06
144.042	7.9632E-06
144.118	7.9664E-06
144.192	7.9728E-06
144.268	7.9648E-06
144.342	7.9744E-06
144.418	0.000007968
144.492	7.9824E-06
144.568	7.9776E-06
144.642	8.0016E-06
144.718	0.000007992
144.794	7.9984E-06
144.868	7.9952E-06
144.942	7.9904E-06
145.018	7.9968E-06
145.092	7.9968E-06
145.168	8.0016E-06
145.242	0.000007992
145.318	7.9904E-06
145.392	8.0096E-06
145.468	7.9968E-06
145.542	8.0224E-06
145.618	8.0208E-06
145.692	8.0144E-06
145.768	8.0256E-06
145.842	8.0192E-06
145.92	8.0448E-06
145.992	8.0464E-06
146.068	8.0448E-06
146.142	8.0384E-06
146.218	8.0544E-06
146.292	8.0608E-06
146.368	8.0512E-06
146.442	8.0576E-06
146.518	8.0592E-06
146.592	8.0496E-06
146.67	8.0656E-06
146.742	0.000008064
146.816	8.0576E-06
146.888	8.0704E-06
146.962	8.0688E-06
147.042	8.0768E-06
147.112	0.00000808
147.188	8.0752E-06
147.262	8.0928E-06
147.34	8.0928E-06
147.414	8.0928E-06
147.488	8.0864E-06
147.564	8.0912E-06
147.638	8.0976E-06
147.716	0.000008096
147.788	8.0992E-06
147.864	8.1072E-06
147.94	8.1072E-06
148.02	8.1024E-06
148.09	0.000008112
148.162	8.1152E-06
148.238	8.1168E-06
148.31	0.00000812
148.382	8.1328E-06
148.458	8.1152E-06
148.534	8.1264E-06
148.602	0.000008136
148.678	8.1328E-06
148.754	8.1376E-06
148.828	0.000008144
148.904	8.1664E-06
148.976	0.00000816
149.048	8.1744E-06
149.122	8.1648E-06
149.198	8.1568E-06
149.272	8.1552E-06
149.348	0.00000816
149.422	8.1584E-06
149.5	8.1712E-06
149.572	8.1888E-06
149.646	0.000008184
149.722	0.000008168
149.8	8.1856E-06
149.868	8.1888E-06
149.946	8.1824E-06
150.018	0.000008176
150.092	0.000008192
150.17	8.1952E-06
150.244	8.1904E-06
150.318	8.1952E-06
150.392	8.2032E-06
150.47	8.2016E-06
150.548	8.2128E-06
150.622	8.2112E-06
150.7	8.2096E-06
150.774	0.000008208
150.85	0.0000082
150.922	8.1984E-06
150.998	8.2112E-06
151.072	8.2176E-06
151.148	8.2272E-06
151.222	0.000008216
151.298	8.2224E-06
151.374	8.2432E-06
151.448	8.2336E-06
151.524	8.2384E-06
151.598	8.2416E-06
151.672	8.2448E-06
151.748	8.2464E-06
151.822	8.2592E-06
151.898	8.2704E-06
151.972	8.2576E-06
152.048	8.2496E-06
152.128	8.2624E-06
152.202	8.2768E-06
152.28	8.2848E-06
152.354	8.2704E-06
152.428	8.2688E-06
152.502	8.2768E-06
152.578	8.2656E-06
152.654	8.2864E-06
152.728	8.2832E-06
152.802	8.2864E-06
152.878	8.2976E-06
152.954	8.3008E-06
153.028	8.2928E-06
153.102	8.3168E-06
153.178	0.000008312
153.254	0.000008304
153.33	8.3056E-06
153.402	0.000008296
153.478	0.000008312
153.552	8.3136E-06
153.628	8.3232E-06
153.702	8.3104E-06
153.778	8.3312E-06
153.852	0.000008344
153.928	8.3184E-06
154.002	0.000008328
154.078	8.3376E-06
154.152	8.3424E-06
154.228	8.3328E-06
154.304	8.3424E-06
154.382	8.3376E-06
154.456	8.3472E-06
154.532	8.3504E-06
154.608	8.3536E-06
154.682	8.3488E-06
154.754	8.3648E-06
154.828	8.3792E-06
154.902	8.3712E-06
154.978	8.3824E-06
155.052	8.3632E-06
155.134	8.3776E-06
155.208	8.3696E-06
155.282	0.000008368
155.356	0.000008368
155.432	8.3808E-06
155.508	8.3744E-06
155.584	8.3808E-06
155.662	8.3888E-06
155.736	0.000008384
155.81	8.3968E-06
155.882	8.3952E-06
155.958	0.000008408
156.032	8.4128E-06
156.112	0.0000084
156.188	0.0000084
156.264	8.4192E-06
156.338	0.000008416
156.412	8.4064E-06
156.49	8.4176E-06
156.564	8.4256E-06
156.638	0.000008432
156.712	8.4304E-06
156.788	8.4352E-06
156.864	8.4416E-06
156.938	8.4496E-06
157.014	8.4384E-06
157.088	8.4368E-06
157.162	8.4576E-06
157.238	8.4528E-06
157.314	8.4496E-06
157.388	8.4416E-06
157.46	8.4672E-06
157.532	8.4656E-06
157.608	8.4656E-06
157.684	8.4624E-06
157.762	8.4784E-06
157.834	8.4688E-06
157.908	0.000008456
157.984	8.4736E-06
158.058	8.4752E-06
158.134	8.4848E-06
158.208	8.4688E-06
158.282	8.4736E-06
158.358	0.000008496
158.432	8.4768E-06
158.508	8.5024E-06
158.584	0.000008488
158.66	8.5008E-06
158.732	8.5088E-06
158.808	0.000008504
158.884	0.000008512
158.958	8.5008E-06
159.034	0.000008512
159.108	8.5248E-06
159.184	8.5072E-06
159.258	0.000008512
159.332	8.5248E-06
159.41	8.5232E-06
159.486	0.000008544
159.556	8.5216E-06
159.628	8.5312E-06
159.702	0.000008536
159.778	8.5344E-06
159.848	8.5472E-06
159.922	8.5536E-06
159.998	8.5632E-06
160.072	0.00000856
160.148	8.5568E-06
160.224	8.5568E-06
160.296	8.5616E-06
160.368	8.5488E-06
160.442	8.5664E-06
160.518	8.5648E-06
160.592	8.5696E-06
160.668	8.5744E-06
160.738	8.5824E-06
160.812	8.5808E-06
160.89	8.5904E-06
160.962	8.5984E-06
161.04	0.0000086
161.116	8.5952E-06
161.188	8.5968E-06
161.264	0.000008584
161.338	8.5968E-06
161.412	8.6032E-06
161.49	8.6048E-06
161.564	8.5936E-06
161.634	8.6032E-06
161.71	8.6032E-06
161.788	8.5968E-06
161.86	0.000008624
161.934	8.6256E-06
162.01	0.000008616
162.084	8.6384E-06
162.162	8.6304E-06
162.236	8.6352E-06
162.312	8.6416E-06
162.388	8.6368E-06
162.462	8.6368E-06
162.538	8.6336E-06
162.614	8.6464E-06
162.69	8.6336E-06
162.766	8.6352E-06
162.842	8.6576E-06
162.914	8.6528E-06
162.994	8.6544E-06
163.068	8.6432E-06
163.142	8.6784E-06
163.218	8.6528E-06
163.292	8.6512E-06
163.368	8.6656E-06
163.442	8.6704E-06
163.52	0.000008688
163.594	0.000008672
163.668	8.6864E-06
163.742	8.6752E-06
163.818	0.000008688
163.892	8.6832E-06
163.968	8.6944E-06
164.042	8.7008E-06
164.118	8.7008E-06
164.192	0.000008704
164.27	8.6928E-06
164.348	8.6976E-06
164.42	8.7136E-06
164.494	0.000008712
164.574	8.7088E-06
164.648	8.7088E-06
164.722	8.7296E-06
164.798	8.7168E-06
164.874	8.7184E-06
164.95	8.7296E-06
165.022	8.7408E-06
165.098	8.7488E-06
165.172	8.7376E-06
165.248	8.7552E-06
165.322	8.7536E-06
165.4	8.7472E-06
165.472	0.000008744
165.548	8.7632E-06
165.622	8.7488E-06
165.698	8.7504E-06
165.774	8.7712E-06
165.848	8.7568E-06
165.922	8.7664E-06
165.998	0.000008776
166.072	8.7808E-06
166.148	8.7824E-06
166.224	0.000008784
166.298	8.7712E-06
166.372	8.7856E-06
166.448	0.000008784
166.522	8.7792E-06
166.598	0.000008776
166.672	8.7856E-06
166.748	8.7856E-06
166.822	8.7968E-06
166.898	8.7904E-06
166.972	8.8064E-06
167.048	0.000008784
167.126	8.8096E-06
167.198	8.7936E-06
167.272	8.8064E-06
167.35	8.7936E-06
167.422	8.8256E-06
167.498	8.8064E-06
167.572	8.8112E-06
