9.93495	0.003111183	0.000846844
9.9363	0.003110051	0.000846536
9.938	0.003110498	0.000846658
9.94195	0.003110433	0.00084664
9.9452	0.003111513	0.000846934
9.95245	0.003111912	0.000847043
9.95295	0.003111056	0.00084681
9.9643	0.003110872	0.00084676
9.96625	0.003110284	0.0008466
9.97875	0.003111042	0.000846806
9.9826	0.00311213	0.000847102
9.98785	0.003108977	0.000846244
9.98815	0.003109324	0.000846338
9.9889	0.003109993	0.00084652
9.98965	0.003110096	0.000846549
9.992	0.003109303	0.000846333
9.9923	0.003108603	0.000846142
9.9924	0.003108961	0.00084624
9.9927	0.003109325	0.000846339
9.99275	0.003109185	0.000846301
9.9928	0.003109697	0.00084644
9.99305	0.003109094	0.000846276
9.99305	0.003108623	0.000846148
9.9931	0.003109741	0.000846452
9.99335	0.003109034	0.000846259
9.9935	0.003109038	0.000846261
9.99385	0.003109006	0.000846252
9.99435	0.003109116	0.000846282
9.9944	0.003108881	0.000846218
9.9945	0.00310903	0.000846258
9.99465	0.003108849	0.000846209
9.9951	0.003109322	0.000846338
9.99525	0.003109399	0.000846359
9.99585	0.003110091	0.000846547
9.99645	0.003109273	0.000846325
9.99645	0.003108929	0.000846231
9.9969	0.00310935	0.000846345
9.9972	0.003109419	0.000846364
9.99735	0.003108389	0.000846084
9.9974	0.00310907	0.000846269
9.9978	0.003108487	0.000846111
9.99815	0.003107609	0.000845872
9.99825	0.003109637	0.000846424
9.9983	0.003108209	0.000846035
9.99835	0.003108263	0.00084605
9.99845	0.003109654	0.000846428
9.9985	0.003109487	0.000846383
9.9986	0.003110012	0.000846526
9.9986	0.00310821	0.000846035
9.9986	0.0031081	0.000846005
9.99865	0.003107597	0.000845868
9.99865	0.003107825	0.00084593
9.99865	0.003108051	0.000845992
9.99875	0.003108085	0.000846001
9.9988	0.003108835	0.000846205
9.99885	0.003109636	0.000846423
9.99885	0.003108575	0.000846135
9.99885	0.003108178	0.000846026
9.9989	0.003108105	0.000846007
9.999	0.003108743	0.00084618
9.99905	0.003108349	0.000846073
9.99905	0.00310804	0.000845989
9.9991	0.003108363	0.000846077
9.99925	0.003108761	0.000846185
9.99925	0.003108078	0.000845999
9.9993	0.003109288	0.000846329
9.9993	0.003108813	0.000846199
9.9993	0.003108286	0.000846056
9.99935	0.003108245	0.000846045
9.99945	0.003108454	0.000846102
9.9995	0.00310777	0.000845915
9.99965	0.003109683	0.000846436
9.99965	0.003108326	0.000846067
9.99975	0.003108612	0.000846145
9.9998	0.003108248	0.000846046
9.99985	0.00310927	0.000846324
9.99985	0.003108274	0.000846053
9.99995	0.003108305	0.000846061
10	0.003109707	0.000846443
10	0.003109479	0.000846381
10	0.003108479	0.000846108
10	0.003107919	0.000845956
10.00005	0.003108357	0.000846075
10.00005	0.003108344	0.000846072
10.00005	0.003107733	0.000845905
10.00015	0.003109394	0.000846357
10.00015	0.003108879	0.000846217
10.0002	0.003108748	0.000846182
10.00035	0.003108442	0.000846098
10.0004	0.003109383	0.000846354
10.0005	0.00311049	0.000846656
10.00055	0.003107993	0.000845976
10.0006	0.003109235	0.000846314
10.0008	0.00310947	0.000846378
10.00105	0.003108491	0.000846112
10.0012	0.003109113	0.000846281
10.0012	0.00310869	0.000846166
10.0012	0.003108239	0.000846043
10.00125	0.003107912	0.000845954
10.0013	0.003108599	0.000846141
10.0013	0.003107625	0.000845876
10.0014	0.003109055	0.000846265
10.00145	0.003107928	0.000845958
10.0016	0.00310774	0.000845907
10.00165	0.003107407	0.000845817
10.00175	0.003107766	0.000845914
10.0018	0.003110257	0.000846592
10.0019	0.003109004	0.000846251
10.00195	0.003109271	0.000846324
10.002	0.003109465	0.000846377
10.00205	0.003109016	0.000846255
10.0024	0.00310845	0.0008461
10.0025	0.003108121	0.000846011
10.0026	0.003110718	0.000846718
10.0031	0.003108306	0.000846061
10.0032	0.003109151	0.000846291
10.00325	0.003108564	0.000846132
10.00335	0.003107881	0.000845946
10.00385	0.003108452	0.000846101
10.00395	0.003108355	0.000846075
10.00405	0.003107976	0.000845971
10.0041	0.003109617	0.000846418
10.0041	0.003108808	0.000846198
10.0044	0.003108352	0.000846074
10.00445	0.003108357	0.000846075
10.00695	0.003109606	0.000846415
10.00965	0.003109939	0.000846506
10.0105	0.003109901	0.000846495
10.01265	0.003109383	0.000846354
10.0173	0.003110078	0.000846544
10.0181	0.003111193	0.000846847
10.0194	0.003109815	0.000846472
10.02005	0.00311032	0.000846609
10.02165	0.003108802	0.000846196
10.0254	0.003109071	0.00084627
10.0275	0.003109489	0.000846383
10.03075	0.003109317	0.000846336
10.03265	0.003111051	0.000846808
10.0327	0.003110472	0.000846651
10.03435	0.003110499	0.000846658
10.03625	0.00310967	0.000846433
10.03735	0.003109521	0.000846392
10.04365	0.003109772	0.00084646
10.04505	0.003109551	0.0008464
10.0459	0.003110601	0.000846686
10.049	0.003109501	0.000846387
10.04925	0.003109748	0.000846454
10.05095	0.003110551	0.000846672
10.05135	0.003109581	0.000846408
10.0526	0.003109477	0.00084638
10.05335	0.003109735	0.00084645
10.05725	0.003109851	0.000846482
10.06395	0.003110316	0.000846608
10.06485	0.00311096	0.000846784
10.06795	0.00311032	0.000846609
10.0733	0.003110115	0.000846554
10.07815	0.003110303	0.000846605
10.0801	0.003110452	0.000846645
10.0847	0.003110354	0.000846619
10.08825	0.003110097	0.000846549
10.08855	0.003110247	0.00084659
10.0926	0.003110464	0.000846649
10.0936	0.003110492	0.000846656
10.0948	0.003109734	0.00084645
10.09535	0.003110687	0.000846709
10.14375	0.003110291	0.000846602
10.1901	0.003109861	0.000846485
10.21905	0.003110871	0.000846759
10.2639	0.003110326	0.000846611
10.3342	0.003110623	0.000846692
10.3932	0.003110676	0.000846706
10.43205	0.003110231	0.000846585
10.48585	0.003110736	0.000846723
10.56495	0.003110577	0.000846679
10.65075	0.003110563	0.000846676
10.6954	0.003111111	0.000846825
10.7419	0.003110588	0.000846682
10.8361	0.003110828	0.000846748
10.93395	0.003111289	0.000846873
10.9841	0.00311075	0.000846727
11.03645	0.00311094	0.000846778
11.14235	0.003111249	0.000846862
11.2522	0.003111545	0.000846943
11.3085	0.003110361	0.000846621
11.3643	0.003111112	0.000846825
11.47635	0.003110046	0.000846535
11.5906	0.003110528	0.000846666
11.6486	0.003110498	0.000846658
11.7054	0.00311043	0.000846639
11.82	0.003110013	0.000846526
11.9357	0.003111136	0.000846832
11.9936	0.00311088	0.000846762
12.0493	0.00311112	0.000846827
12.16175	0.003111107	0.000846824
12.275	0.003110643	0.000846697
12.3315	0.003111528	0.000846938
12.38865	0.003111287	0.000846873
12.50215	0.003111291	0.000846874
12.61425	0.003111154	0.000846836
12.67	0.00311155	0.000846944
12.7262	0.003111638	0.000846968
12.83865	0.003111635	0.000846967
12.95185	0.003110878	0.000846761
13.0088	0.003111497	0.00084693
13.06645	0.003112039	0.000847077
13.18265	0.003111525	0.000846937
13.29835	0.003111032	0.000846803
13.3555	0.003111373	0.000846896
13.41625	0.003111353	0.000846891
13.53705	0.003111673	0.000846978
13.6566	0.003111048	0.000846808
13.7161	0.003111535	0.00084694
13.77225	0.003111562	0.000846948
13.8868	0.00311083	0.000846748
14.00415	0.003111635	0.000846967
14.0631	0.003111776	0.000847006
14.1235	0.0031113	0.000846876
14.2466	0.003111318	0.000846881
14.3745	0.003111634	0.000846967
14.4397	0.003111262	0.000846866
14.50705	0.00311156	0.000846947
14.6397	0.003111103	0.000846823
14.77105	0.003110916	0.000846772
14.8371	0.003112487	0.000847199
14.8939	0.003111579	0.000846952
15.00235	0.003112496	0.000847202
15.1077	0.003112418	0.000847181
15.1614	0.003110193	0.000846575
15.2049	0.003112942	0.000847323
15.3042	0.003111253	0.000846863
15.37195	0.003111233	0.000846858
15.42905	0.003112599	0.00084723
15.4742	0.00311255	0.000847216
15.514	0.003112059	0.000847083
15.6043	0.003113049	0.000847352
15.71575	0.003112499	0.000847203
15.7767	0.003111628	0.000846966
15.83925	0.003112218	0.000847126
15.9681	0.003112292	0.000847146
16.1094	0.003112662	0.000847247
16.1844	0.003112237	0.000847131
16.24515	0.003111374	0.000846896
16.3742	0.003111336	0.000846886
16.5166	0.003111846	0.000847025
16.5907	0.00311261	0.000847233
16.6663	0.003112363	0.000847166
16.8136	0.003112494	0.000847201
16.94955	0.003112939	0.000847322
17.0138	0.003112133	0.000847103
17.0774	0.003112512	0.000847206
17.20565	0.003112758	0.000847273
17.33145	0.003112381	0.00084717
17.3926	0.003111973	0.000847059
17.4574	0.00311257	0.000847222
17.5861	0.003111923	0.000847046
17.7114	0.003112151	0.000847108
17.7728	0.003112897	0.000847311
17.83185	0.003111868	0.000847031
17.9465	0.003111745	0.000846997
18.05615	0.003111336	0.000846886
18.1102	0.003112586	0.000847226
18.16635	0.003112013	0.00084707
18.27715	0.003111629	0.000846966
18.39085	0.003111995	0.000847065
18.4499	0.003111736	0.000846995
18.50655	0.003111768	0.000847004
18.61935	0.003112187	0.000847118
18.72995	0.003112062	0.000847084
18.7844	0.003112137	0.000847104
18.83655	0.003111594	0.000846956
18.9409	0.003110798	0.00084674
19.04565	0.003111279	0.000846871
19.0982	0.003111903	0.00084704
19.1541	0.003111958	0.000847055
19.27355	0.003111866	0.00084703
19.40265	0.003112648	0.000847243
19.4682	0.003112295	0.000847147
19.53585	0.003111681	0.00084698
19.6703	0.003111831	0.000847021
19.80505	0.003111998	0.000847066
19.873	0.003112081	0.000847089
19.93975	0.003111325	0.000846883
20.07385	0.003112176	0.000847115
20.20555	0.003112127	0.000847101
20.2699	0.003112045	0.000847079
20.2699	0.003112663	0.000847247
20.6333	0.003112176	0.000847115
20.6897	0.003112844	0.000847297
20.80365	0.003112403	0.000847176
20.9174	0.003112297	0.000847148
20.9736	0.003112892	0.00084731
21.0245	0.003112619	0.000847235
21.1245	0.00311226	0.000847138
21.19805	0.00311278	0.000847279
21.2438	0.003113089	0.000847363
21.3084	0.003111933	0.000847049
21.3992	0.003113276	0.000847414
21.46985	0.003112336	0.000847158
21.51725	0.003112524	0.000847209
21.5921	0.00311202	0.000847072
21.6972	0.003113967	0.000847602
21.8107	0.003112373	0.000847168
21.8697	0.003113256	0.000847409
21.9337	0.003112963	0.000847329
22.0723	0.003113582	0.000847497
22.22385	0.003113241	0.000847405
22.3008	0.003113105	0.000847368
22.38555	0.003113199	0.000847393
22.56095	0.003113416	0.000847452
22.74735	0.003113579	0.000847497
22.8431	0.003112701	0.000847258
22.9415	0.003113525	0.000847482
23.14075	0.003113268	0.000847412
23.3408	0.003113377	0.000847442
23.44	0.003113237	0.000847403
23.5358	0.003114277	0.000847687
23.71345	0.003113821	0.000847562
23.87665	0.003113436	0.000847458
23.958	0.003113461	0.000847464
24.03165	0.003112628	0.000847238
24.167	0.003112283	0.000847144
24.28175	0.003113268	0.000847412
24.3348	0.0031126	0.00084723
24.3768	0.003113759	0.000847546
24.43615	0.003112822	0.000847291
24.4894	0.003112936	0.000847322
24.55845	0.003113171	0.000847386
24.62025	0.00311314	0.000847377
24.6467	0.003113464	0.000847465
24.6506	0.003114308	0.000847695
24.6546	0.003113166	0.000847384
24.65925	0.003114284	0.000847688
24.6619	0.003113225	0.0008474
24.6637	0.003113858	0.000847573
24.6648	0.003114015	0.000847615
24.7284	0.003113535	0.000847485
24.7812	0.003113416	0.000847452
24.84105	0.003113749	0.000847543
24.9797	0.003113872	0.000847576
25.15655	0.003114085	0.000847634
25.2546	0.003113178	0.000847387
25.36745	0.003113739	0.00084754
25.60605	0.003113347	0.000847433
25.8696	0.003113595	0.000847501
26.0074	0.003113741	0.000847541
26.14705	0.003112684	0.000847253
26.424	0.003113108	0.000847368
26.69005	0.003113002	0.00084734
26.8188	0.003114433	0.000847729
26.93975	0.003112517	0.000847207
27.1748	0.003113346	0.000847433
27.3958	0.003113238	0.000847404
27.5027	0.003114277	0.000847687
27.60415	0.003113556	0.00084749
27.79785	0.003113285	0.000847417
27.97885	0.003114017	0.000847616
28.0676	0.003113198	0.000847393
28.15055	0.003113521	0.000847481
28.3091	0.003113456	0.000847463
28.42885	0.003112536	0.000847213
28.4996	0.003113505	0.000847476
28.59395	0.003112673	0.00084725
28.7241	0.003113189	0.00084739
28.7865	0.003113373	0.00084744
28.8429	0.003113812	0.00084756
28.9577	0.003113202	0.000847394
29.0719	0.003113249	0.000847407
29.1819	0.003113059	0.000847355
29.2361	0.003113696	0.000847528
29.2892	0.003113335	0.00084743
29.36755	0.00311425	0.000847679
29.44455	0.003114356	0.000847708
29.5442	0.003113402	0.000847448
29.61485	0.003114037	0.000847621
29.6559	0.003113606	0.000847504
29.7159	0.003113647	0.000847515
29.78395	0.003113945	0.000847596
29.8735	0.003113496	0.000847474
29.9367	0.003113485	0.000847471
29.97975	0.0031131	0.000847366
30.0686	0.003114157	0.000847654
30.161	0.003114069	0.00084763
30.2076	0.003114295	0.000847691
30.2533	0.003114997	0.000847883
30.35165	0.003114703	0.000847803
30.46455	0.003114671	0.000847794
30.5248	0.003114729	0.00084781
30.59145	0.00311427	0.000847685
30.7181	0.003113806	0.000847558
30.831	0.00311454	0.000847758
30.8839	0.003113482	0.00084747
30.9319	0.003115859	0.000848117
31.02045	0.00311408	0.000847633
31.0775	0.003114457	0.000847736
31.12055	0.003114326	0.0008477
31.15895	0.003114367	0.000847711
31.214	0.003114897	0.000847855
31.2572	0.003115018	0.000847888
31.30965	0.003113773	0.000847549
31.4173	0.0031149	0.000847856
31.50555	0.003115073	0.000847903
31.5626	0.003114919	0.000847861
31.64745	0.003114214	0.000847669
31.7685	0.003113417	0.000847452
31.89345	0.003114516	0.000847752
31.9582	0.003114108	0.000847641
32.02215	0.003114121	0.000847644
32.1523	0.00311438	0.000847715
32.25595	0.003114316	0.000847697
32.3176	0.003114315	0.000847697
32.40915	0.003114502	0.000847748
32.5441	0.003114261	0.000847682
32.6769	0.003114292	0.000847691
32.7421	0.003114736	0.000847811
32.8102	0.003113839	0.000847567
32.9453	0.003114327	0.0008477
33.07775	0.003113807	0.000847559
33.1432	0.003114105	0.00084764
33.2085	0.003113758	0.000847545
33.31085	0.003114204	0.000847667
33.4079	0.003113954	0.000847599
33.4917	0.003115394	0.000847991
33.571	0.003113983	0.000847607
33.6833	0.003115128	0.000847918
33.79415	0.003113711	0.000847532
33.8482	0.003114346	0.000847705
33.90555	0.0031147	0.000847802
34.0224	0.003114475	0.00084774
34.1358	0.003114501	0.000847748
34.1897	0.003114974	0.000847876
34.2512	0.003114793	0.000847827
34.3691	0.003114913	0.00084786
34.48635	0.003114709	0.000847804
34.5472	0.003115351	0.000847979
34.60885	0.003114762	0.000847819
34.7303	0.003115269	0.000847957
34.85285	0.003114064	0.000847629
34.9156	0.003114204	0.000847667
34.97645	0.003114919	0.000847861
35.07555	0.003114954	0.000847871
35.2001	0.003115403	0.000847993
35.2864	0.003114781	0.000847824
35.3525	0.003115039	0.000847894
35.4827	0.00311462	0.00084778
35.6135	0.003114414	0.000847724
35.6802	0.003114355	0.000847708
35.7463	0.003114417	0.000847725
35.8784	0.003114639	0.000847785
36.00885	0.00311548	0.000848014
36.0733	0.003115252	0.000847952
36.1411	0.003114529	0.000847755
36.2739	0.003115396	0.000847991
36.37645	0.003115467	0.00084801
36.43685	0.003115694	0.000848072
36.5172	0.003115297	0.000847964
36.6107	0.00311591	0.000848131
36.72485	0.003116329	0.000848245
36.803	0.003115267	0.000847956
36.861	0.003115333	0.000847974
36.97515	0.003115558	0.000848035
37.0879	0.003115192	0.000847936
37.1445	0.003115264	0.000847955
37.20265	0.003114997	0.000847883
37.31805	0.003114927	0.000847863
37.4347	0.003114256	0.000847681
37.4941	0.003114004	0.000847612
37.5532	0.003115401	0.000847993
37.7359	0.00311477	0.000847821
37.8595	0.00311458	0.000847769
37.92315	0.003114637	0.000847785
38.04835	0.003114729	0.00084781
38.1743	0.003114864	0.000847846
38.2387	0.003114619	0.00084778
38.2998	0.00311434	0.000847704
38.42545	0.003114261	0.000847682
38.55195	0.003114431	0.000847728
38.6139	0.003114864	0.000847846
38.68015	0.00311473	0.00084781
38.8117	0.00311378	0.000847551
38.94345	0.003113902	0.000847584
39.0099	0.003114505	0.000847749
39.0735	0.003114237	0.000847676
39.19945	0.003114791	0.000847826
39.32485	0.003114277	0.000847687
39.3879	0.003114734	0.000847811
39.453	0.003113951	0.000847598
39.5876	0.003114441	0.000847731
39.7214	0.003115188	0.000847935
39.7857	0.003114226	0.000847673
39.85425	0.003115014	0.000847887
39.9913	0.003113954	0.000847599
40.1254	0.003114047	0.000847624
40.191	0.003114636	0.000847784
40.2554	0.003114388	0.000847717
40.3592	0.003114164	0.000847656
40.45905	0.00311415	0.000847652
40.543	0.003114391	0.000847718
40.62485	0.003113281	0.000847415
40.7407	0.003113996	0.00084761
40.85505	0.003114238	0.000847676
40.9119	0.003113773	0.000847549
40.97315	0.0031138	0.000847557
41.0928	0.003114317	0.000847697
41.2074	0.003114239	0.000847676
41.2636	0.003114096	0.000847637
41.3215	0.003113974	0.000847604
41.4408	0.003114149	0.000847652
41.5604	0.0031139	0.000847584
41.6186	0.003114329	0.000847701
41.6807	0.003113584	0.000847498
41.80315	0.003113888	0.000847581
41.92135	0.003112777	0.000847278
41.9792	0.003113249	0.000847407
42.0388	0.003112858	0.0008473
42.15595	0.003113821	0.000847562
42.27655	0.003112468	0.000847194
42.3396	0.003112356	0.000847164
42.39775	0.003112183	0.000847117
42.5163	0.003112149	0.000847107
42.63375	0.003111851	0.000847026
42.6908	0.003112655	0.000847245
42.7516	0.003112663	0.000847247
42.8719	0.00311236	0.000847165
42.9871	0.003111919	0.000847045
43.0428	0.003111993	0.000847065
43.0989	0.003112124	0.000847101
43.18405	0.003112447	0.000847188
43.26765	0.003113281	0.000847415
43.37355	0.003112663	0.000847247
43.47715	0.00311249	0.0008472
43.5294	0.003112857	0.0008473
43.57925	0.003112763	0.000847274
43.6785	0.003113029	0.000847347
43.77785	0.003113295	0.000847419
43.8278	0.003112517	0.000847207
43.90285	0.003113419	0.000847453
43.9779	0.003112156	0.000847109
44.0341	0.003112011	0.00084707
44.14655	0.003113016	0.000847343
44.2667	0.003112298	0.000847148
44.3306	0.003113045	0.000847351
44.3969	0.003112602	0.000847231
44.5295	0.003113217	0.000847398
44.66975	0.003112611	0.000847233
44.7437	0.00311323	0.000847402
44.8216	0.003113371	0.00084744
44.97615	0.003112869	0.000847303
45.13415	0.003112604	0.000847231
45.2155	0.003112857	0.0008473
45.29905	0.003112108	0.000847096
45.4617	0.003112427	0.000847183
45.6247	0.003111569	0.000846949
45.7086	0.003111407	0.000846905
45.79385	0.003111771	0.000847004
45.9642	0.003111576	0.000846951
46.1363	0.003110941	0.000846779
46.2233	0.003111503	0.000846931
46.3174	0.003110894	0.000846766
46.50175	0.003111712	0.000846988
46.6749	0.003111174	0.000846842
46.7578	0.003111006	0.000846796
46.81905	0.00311048	0.000846653
46.90175	0.003110859	0.000846756
46.93945	0.003110139	0.00084656
46.96345	0.003111191	0.000846847
47.0491	0.00311074	0.000846724
47.2054	0.003109729	0.000846449
47.2838	0.003110131	0.000846558
47.36195	0.003110452	0.000846645
47.51745	0.003110601	0.000846686
47.6717	0.003110087	0.000846546
47.7486	0.003110183	0.000846572
47.82665	0.003111644	0.00084697
47.9804	0.003109718	0.000846446
48.13535	0.00311115	0.000846835
48.2146	0.003111166	0.00084684
48.29245	0.003110693	0.000846711
48.4455	0.003109934	0.000846504
48.59775	0.003110538	0.000846669
48.6748	0.00311038	0.000846626
48.75005	0.003109821	0.000846474
48.90515	0.003110723	0.000846719
49.0609	0.003109205	0.000846306
49.1368	0.003110347	0.000846617
49.2137	0.003109666	0.000846431
49.36675	0.003109779	0.000846462
49.51875	0.003109189	0.000846302
49.5946	0.003109606	0.000846415
49.67245	0.003108671	0.000846161
49.8265	0.003109028	0.000846258
49.98055	0.003108985	0.000846246
50.0584	0.00310865	0.000846155
50.1339	0.003108388	0.000846084
50.28405	0.003108405	0.000846088
50.43245	0.003108826	0.000846203
50.5062	0.003108169	0.000846024
50.5834	0.00310779	0.000845921
50.7379	0.003108035	0.000845988
50.89025	0.003107913	0.000845954
50.9653	0.003107181	0.000845755
51.03825	0.003108138	0.000846016
51.18685	0.003107043	0.000845718
51.3385	0.003107293	0.000845786
51.4145	0.003107236	0.00084577
51.48635	0.003106603	0.000845598
51.6353	0.003106709	0.000845627
51.7873	0.003106763	0.000845641
51.8622	0.003106114	0.000845465
51.94095	0.003106284	0.000845511
52.0974	0.003106863	0.000845669
52.1751	0.003105943	0.000845418
52.25195	0.003106249	0.000845501
52.39955	0.003106088	0.000845458
52.5452	0.00310542	0.000845276
52.6201	0.003105804	0.00084538
52.6932	0.00310517	0.000845208
52.84055	0.003104033	0.000844898
52.9893	0.003105044	0.000845173
53.0638	0.00310465	0.000845066
53.13685	0.00310382	0.00084484
53.2822	0.003103353	0.000844713
53.43125	0.003103812	0.000844838
53.508	0.003103141	0.000844655
53.57795	0.003102854	0.000844577
53.72245	0.003103042	0.000844628
53.8717	0.003102412	0.000844457
53.9464	0.003102674	0.000844528
54.0173	0.003102368	0.000844445
54.16015	0.003101529	0.000844217
54.30705	0.003101826	0.000844297
54.382	0.00310154	0.00084422
54.45405	0.003101199	0.000844127
54.59965	0.003101817	0.000844295
54.7451	0.003100532	0.000843945
54.817	0.003100641	0.000843975
54.8908	0.003100601	0.000843964
55.0353	0.003100041	0.000843812
55.17785	0.003100308	0.000843884
55.2497	0.003100098	0.000843827
55.3219	0.003099722	0.000843725
55.46725	0.003099173	0.000843575
55.6192	0.003099706	0.00084372
55.698	0.003099101	0.000843556
55.7688	0.003099593	0.00084369
55.9136	0.003099817	0.000843751
56.0576	0.003099454	0.000843652
56.1276	0.003099632	0.0008437
56.1991	0.003098606	0.000843421
56.34045	0.003098667	0.000843438
56.4825	0.003098506	0.000843394
56.5547	0.003097694	0.000843173
56.63035	0.003098206	0.000843312
56.77435	0.003097123	0.000843017
56.9126	0.003097029	0.000842992
56.9825	0.003096049	0.000842725
57.0553	0.003096269	0.000842785
57.1988	0.003095732	0.000842639
57.33885	0.003094208	0.000842224
57.4082	0.003094873	0.000842405
57.479	0.003094016	0.000842172
57.62135	0.003093573	0.000842051
57.7636	0.003093605	0.00084206
57.8343	0.003093339	0.000841987
57.90515	0.003092419	0.000841737
58.046	0.003092729	0.000841821
58.18725	0.0030923	0.000841705
58.2585	0.003091954	0.00084161
58.32835	0.003091414	0.000841463
58.4701	0.003090959	0.00084134
58.6099	0.003089688	0.000840994
58.6778	0.003090179	0.000841127
58.74785	0.003089885	0.000841047
58.88955	0.003090078	0.0008411
59.02995	0.003089066	0.000840824
59.0987	0.003089346	0.0008409
59.1751	0.003087585	0.000840421
59.3222	0.003088456	0.000840658
59.3929	0.00308724	0.000840327
59.4624	0.003086212	0.000840047
59.60225	0.003086346	0.000840084
59.7414	0.003086122	0.000840023
59.8102	0.003084818	0.000839668
59.87945	0.00308495	0.000839704
60.02165	0.003084441	0.000839565
60.1621	0.003082951	0.00083916
60.2296	0.00308326	0.000839244
60.2968	0.003081505	0.000838766
60.4322	0.003082484	0.000839033
60.57175	0.003080576	0.000838513
60.6431	0.003081214	0.000838687
60.71325	0.003079678	0.000838269
60.8523	0.003079685	0.000838271
60.9899	0.003077802	0.000837758
61.0586	0.003078228	0.000837874
61.1244	0.003076722	0.000837464
61.262	0.003076462	0.000837394
61.4019	0.00307616	0.000837311
61.47	0.003075884	0.000837236
61.53785	0.003074046	0.000836736
61.67385	0.003072995	0.00083645
61.81255	0.003073035	0.000836461
61.8831	0.003072045	0.000836191
61.95285	0.003071838	0.000836135
62.09085	0.003070763	0.000835842
62.2277	0.00306926	0.000835433
62.2963	0.003068963	0.000835352
62.3636	0.003067391	0.000834924
62.49925	0.003066544	0.000834694
62.64395	0.003066289	0.000834625
62.7203	0.003065367	0.000834374
62.7856	0.003064599	0.000834165
62.919	0.003064085	0.000834025
63.05515	0.003062633	0.000833629
63.1232	0.003061434	0.000833303
63.1931	0.003061061	0.000833202
63.328	0.003060626	0.000833083
63.46595	0.003059364	0.00083274
63.5389	0.003058009	0.000832371
63.60475	0.003057546	0.000832245
63.74005	0.003056212	0.000831882
63.8739	0.003055126	0.000831586
63.9383	0.003054318	0.000831366
64.0093	0.003053359	0.000831105
64.1435	0.003052013	0.000830739
64.27925	0.003051184	0.000830513
64.3518	0.003050588	0.000830351
64.42045	0.003048331	0.000829736
64.55485	0.003047071	0.000829394
64.68885	0.003046797	0.000829319
64.7571	0.003044468	0.000828685
64.8265	0.00304412	0.00082859
64.96105	0.003042397	0.000828121
65.09485	0.003041493	0.000827875
65.1635	0.00303937	0.000827297
65.22805	0.003038238	0.000826989
65.36185	0.0030366	0.000826543
65.49955	0.003035243	0.000826174
65.568	0.003035107	0.000826137
65.63425	0.003032948	0.000825549
65.7687	0.003030943	0.000825004
65.907	0.003028839	0.000824431
66.05045	0.00302623	0.000823721
66.18765	0.003023942	0.000823098
66.32055	0.003023049	0.000822855
66.3896	0.003022048	0.000822582
66.46065	0.003018547	0.000821629
66.5317	0.003018002	0.000821481
66.856	0.003012351	0.000819943
66.9909	0.003010551	0.000819453
67.1229	0.003008696	0.000818948
67.1874	0.003006281	0.000818291
67.2571	0.003004225	0.000817731
67.39415	0.003002298	0.000817207
67.52895	0.002999611	0.000816475
67.5964	0.002997774	0.000815975
67.6603	0.00299506	0.000815236
67.79255	0.002992361	0.000814502
67.9296	0.002989947	0.000813845
67.9983	0.002988173	0.000813362
68.06475	0.002985239	0.000812563
68.1975	0.002983388	0.000812059
68.33105	0.002979691	0.000811053
68.3983	0.002977769	0.00081053
68.4635	0.002975225	0.000809837
68.59445	0.002972079	0.000808981
68.72675	0.002969978	0.000808409
68.7933	0.002967133	0.000807635
68.86495	0.002963742	0.000806712
69.06625	0.002961478	0.000806096
69.1959	0.002955099	0.000804359
69.2633	0.002951192	0.000803296
69.40285	0.002948248	0.000802495
69.475	0.00294498	0.000801605
69.54355	0.002941951	0.000800781
69.6775	0.002938086	0.000799728
69.8059	0.002934873	0.000798854
69.8689	0.002931154	0.000797842
69.93585	0.002927314	0.000796796
70.07145	0.002922841	0.000795579
70.2039	0.002919345	0.000794627
70.2677	0.002914787	0.000793387
70.3372	0.00291149	0.000792489
70.4713	0.002906714	0.000791189
70.60095	0.002902749	0.00079011
70.666	0.002898687	0.000789004
70.73245	0.00289434	0.000787821
70.8641	0.002889435	0.000786486
70.9988	0.002885575	0.000785435
71.0683	0.002879924	0.000783897
71.1336	0.002875885	0.000782798
71.2612	0.002870848	0.000781427
71.39225	0.002866201	0.000780162
71.461	0.002861641	0.000778921
71.5266	0.00285571	0.000777306
71.6594	0.002850607	0.000775917
71.7895	0.002845238	0.000774456
71.8524	0.002840045	0.000773042
71.91875	0.002833716	0.00077132
72.051	0.002827274	0.000769566
72.18345	0.002822824	0.000768355
72.25	0.002815625	0.000766395
72.3178	0.002809884	0.000764833
72.45125	0.002804398	0.000763339
72.58255	0.002796932	0.000761307
72.6482	0.002791282	0.000759769
72.72	0.002785073	0.000758079
72.85875	0.002777386	0.000755987
72.98915	0.002770745	0.000754179
73.0526	0.002763859	0.000752305
73.11905	0.002755526	0.000750037
73.25215	0.002748561	0.000748141
73.3826	0.002741602	0.000746247
73.4464	0.002733515	0.000744046
73.51325	0.002725166	0.000741773
73.64675	0.00271725	0.000739618
73.7816	0.002707871	0.000737065
73.8498	0.002699059	0.000734667
73.9123	0.002691178	0.000732522
74.04125	0.002682081	0.000730046
74.17285	0.00267261	0.000727468
74.238	0.002663013	0.000724855
74.3036	0.002653167	0.000722175
74.4344	0.002641599	0.000719027
74.5646	0.00263115	0.000716182
74.6296	0.002619666	0.000713057
74.69765	0.002608011	0.000709884
74.8305	0.002596511	0.000706754
74.95955	0.002584418	0.000703462
75.0238	0.002571379	0.000699913
75.09085	0.002558188	0.000696323
75.22595	0.002544109	0.00069249
75.3552	0.002531415	0.000689035
75.4164	0.002515967	0.00068483
75.48395	0.00249975	0.000680416
75.61835	0.002483886	0.000676098
75.7507	0.002467481	0.000671633
75.8162	0.002371932	0.000645625
75.88165	0.002371875	0.000645609
76.01905	0.002371398	0.00064548
76.091	0.002372058	0.000645659
76.1557	0.002371597	0.000645534
76.2858	0.002349176	0.000639431
76.4155	0.00232508	0.000632872
76.4798	0.002301525	0.000626461
76.54685	0.002274612	0.000619135
76.68085	0.002246576	0.000611504
76.8164	0.002217	0.000603453
76.885	0.002186228	0.000595077
76.9484	0.002152616	0.000585929
77.0747	0.002117462	0.00057636
77.2023	0.00207907	0.00056591
77.267	0.002037506	0.000554596
77.33745	0.001993908	0.000542729
77.46935	0.001946727	0.000529887
77.5986	0.001895492	0.000515941
77.6664	0.001840201	0.000500891
77.73195	0.001780995	0.000484776
77.8602	0.001717939	0.000467612
77.9924	0.001650061	0.000449136
78.0619	0.001578563	0.000429675
78.12435	0.001503536	0.000409253
78.25385	0.001423891	0.000387574
78.3861	0.001340441	0.00036486
78.4513	0.0012538	0.000341276
78.51535	0.001165247	0.000317173
78.6448	0.001074545	0.000292484
78.7756	0.000983299	0.000267648
78.841	0.000892633	0.000242969
78.90835	0.000804085	0.000218867
79.03995	0.000718477	0.000195565
79.1723	0.000635344	0.000172937
79.2404	0.000557072	0.000151631
79.3122	0.000482299	0.000131279
79.44585	0.00041099	0.000111869
79.5718	0.000344684	9.38208E-05
79.6359	0.000283361	7.71291E-05
79.7072	0.000225714	6.14379E-05
79.84005	0.000173526	4.72327E-05
79.9684	0.000124527	3.38955E-05
80.0352	8.08E-05	2.19933E-05
80.09795	4.72E-05	1.28475E-05
80.2306	2.16E-05	5.87938E-06
80.36555	6.85E-06	1.86453E-06
80.4306	1.91E-06	5.1989E-07
80.4967	3.22E-07	8.76464E-08
80.6259	5.79E-07	1.576E-07
80.7585	2.77E-07	7.53977E-08
80.82805	4.20E-07	1.14321E-07
80.8925	4.09E-07	1.11327E-07
81.0186	1.27E-07	3.45686E-08
81.14685	-2.77E-07	-7.53977E-08
81.21355	2.84E-07	7.7303E-08
81.27855	8.36E-08	2.27554E-08
81.4097	6.18E-08	1.68216E-08
81.5403	5.12E-07	1.39363E-07
81.60485	5.12E-07	1.39363E-07
81.67175	2.50E-07	6.80484E-08
81.80705	2.33E-08	6.34211E-09
81.9379	8.79E-08	2.39258E-08
82.00055	1.29E-07	3.5113E-08
82.06655	-1.52E-07	-4.13734E-08
82.1963	6.90E-07	1.87814E-07
82.32845	8.37E-08	2.27826E-08
82.39705	2.55E-07	6.94094E-08
82.45915	1.41E-07	3.83793E-08
82.5959	1.81E-07	4.92671E-08
82.735	3.12E-07	8.49244E-08
82.7997	4.03E-07	1.09694E-07
82.8671	3.36E-07	9.14571E-08
82.9971	4.12E-07	1.12144E-07
83.12795	5.52E-07	1.50251E-07
83.1965	1.89E-07	5.14446E-08
83.2614	1.51E-07	4.11012E-08
83.3885	-5.82E-08	-1.58417E-08
83.51125	-7.47E-09	-2.03329E-09
83.57185	3.17E-07	8.62854E-08
83.63355	4.28E-08	1.16499E-08
83.75235	8.49E-08	2.31092E-08
83.8729	2.33E-07	6.34211E-08
83.9977	3.99E-07	1.08605E-07
84.062	1.84E-07	5.00836E-08
84.12435	7.27E-07	1.97885E-07
84.2414	2.57E-07	6.99538E-08
84.35465	4.94E-07	1.34464E-07
84.48055	-2.21E-07	-6.01548E-08
84.55465	1.75E-07	4.76339E-08
84.6142	-2.03E-08	-5.52553E-09
84.72695	4.31E-07	1.17315E-07
84.843	6.58E-07	1.79103E-07
84.96315	6.16E-07	1.67671E-07
85.0311	3.79E-08	1.03161E-08
85.1151	6.07E-07	1.65222E-07
85.23615	4.71E-07	1.28203E-07
85.36505	3.97E-07	1.08061E-07
85.45545	4.85E-07	1.32014E-07
85.51825	-7.08E-08	-1.92713E-08
85.6279	2.64E-07	7.18591E-08
85.74245	2.22E-07	6.0427E-08
85.8665	2.85E-07	7.75752E-08
85.93745	1.66E-07	4.51842E-08
86.0069	3.41E-07	9.2818E-08
86.1235	3.03E-07	8.24747E-08
86.23795	5.18E-07	1.40996E-07
86.3552	7.76E-07	2.11222E-07
86.4281	-2.48E-07	-6.7504E-08
86.4989	-2.79E-07	-7.5942E-08
86.61095	-3.61E-08	-9.82619E-09
86.72435	-5.90E-08	-1.60594E-08
86.84305	1.36E-07	3.70183E-08
86.9704	1.93E-07	5.25334E-08
87.05415	-2.49E-07	-6.77762E-08
87.1208	2.01E-07	5.47109E-08
87.2252	3.43E-07	9.33624E-08
87.3409	1.57E-07	4.27344E-08
87.41905	2.93E-07	7.97528E-08
87.4912	1.18E-07	3.21189E-08
87.60625	7.08E-08	1.92713E-08
87.71795	2.44E-07	6.64153E-08
87.81355	4.62E-07	1.25753E-07
87.9376	-8.79E-08	-2.39258E-08
88.0297	4.91E-08	1.33647E-08
88.09985	4.35E-07	1.18404E-07
88.2112	-1.16E-07	-3.15745E-08
88.3219	4.85E-07	1.32014E-07
88.4444	2.17E-07	5.9066E-08
88.5198	4.36E-07	1.18676E-07
88.59325	2.39E-07	6.50543E-08
88.7129	4.88E-07	1.32831E-07
88.81955	2.44E-07	6.64153E-08
88.92725	-3.86E-08	-1.05067E-08
89.01325	1.42E-07	3.86515E-08
89.0911	2.84E-07	7.7303E-08
89.20225	1.99E-07	5.41665E-08
89.31185	-3.64E-08	-9.90785E-09
89.42135	8.39E-08	2.28371E-08
89.54595	3.37E-07	9.17293E-08
89.62265	2.13E-07	5.79773E-08
89.6956	5.44E-07	1.48073E-07
89.7996	4.09E-07	1.11327E-07
89.8865	4.09E-07	1.11327E-07
89.9912	6.48E-08	1.76382E-08
90.1045	6.49E-08	1.76654E-08
90.215	-1.23E-07	-3.34798E-08
90.3338	-1.77E-07	-4.81783E-08
90.40845	4.84E-07	1.31742E-07
90.48385	9.58E-07	2.60762E-07
90.59435	7.60E-08	2.06867E-08
90.7045	1.32E-07	3.59296E-08
90.82335	3.47E-07	9.44512E-08
90.91665	6.85E-08	1.86453E-08
90.9954	2.95E-07	8.02971E-08
91.1055	8.40E-08	2.28643E-08
91.21635	1.82E-07	4.95393E-08
91.3186	-1.19E-07	-3.2391E-08
91.4149	4.32E-07	1.17588E-07
91.49315	3.62E-07	9.85341E-08
91.59965	4.49E-07	1.22215E-07
91.70905	4.23E-07	1.15138E-07
91.81225	2.94E-07	8.00249E-08
91.93405	2.18E-07	5.93382E-08
92.042	6.50E-07	1.76926E-07
92.1308	-3.76E-08	-1.02345E-08
92.21435	2.31E-07	6.28767E-08
92.31625	-1.09E-07	-2.96691E-08
92.4205	-4.59E-07	-1.24937E-07
92.50075	2.43E-07	6.61431E-08
92.6044	-3.80E-08	-1.03434E-08
92.71095	3.33E-07	9.06405E-08
92.81025	-3.60E-07	-9.79897E-08
92.93115	4.67E-07	1.27114E-07
93.0133	1.06E-06	2.88525E-07
93.093	6.75E-07	1.83731E-07
93.19835	-1.15E-07	-3.13023E-08
93.3	4.52E-07	1.23032E-07
93.4154	-8.11E-07	-2.20749E-07
93.5302	6.35E-08	1.72843E-08
93.6168	8.74E-08	2.37897E-08
93.7159	5.83E-07	1.58689E-07
93.81655	3.71E-07	1.00984E-07
93.9152	2.35E-07	6.39655E-08
94.0295	3.70E-07	1.00712E-07
94.1109	1.08E-07	2.93969E-08
94.21105	-2.16E-07	-5.87938E-08
94.3162	-3.92E-07	-1.067E-07
94.4133	7.34E-07	1.9979E-07
94.5337	-1.69E-07	-4.60007E-08
94.61715	-1.18E-07	-3.21189E-08
94.7073	4.76E-07	1.29564E-07
94.8109	4.05E-07	1.10238E-07
94.9072	3.67E-07	9.98951E-08
95.0272	-1.45E-07	-3.94681E-08
95.11145	2.91E-07	7.92084E-08
95.1965	1.20E-07	3.26632E-08
95.3239	2.88E-07	7.83918E-08
95.42685	1.60E-07	4.3551E-08
95.5225	1.88E-07	5.11724E-08
95.63765	1.99E-07	5.41665E-08
95.7223	1.78E-07	4.84505E-08
95.8182	1.08E-06	2.93969E-07
95.9218	6.11E-07	1.6631E-07
96.0178	6.30E-07	1.71482E-07
96.13705	2.88E-07	7.83918E-08
96.2216	-1.64E-07	-4.46398E-08
96.3144	6.00E-08	1.63316E-08
96.4166	5.94E-07	1.61683E-07
96.51135	8.90E-07	2.42252E-07
96.6315	2.79E-07	7.5942E-08
96.7498	4.76E-07	1.29564E-07
96.84995	8.47E-07	2.30548E-07
96.9261	8.47E-07	2.30548E-07
97.02155	1.99E-07	5.41665E-08
97.14155	6.17E-07	1.67944E-07
97.2263	6.17E-07	1.67944E-07
97.3122	2.31E-07	6.28767E-08
97.41325	1.13E-06	3.07579E-07
97.51335	8.92E-07	2.42797E-07
97.63435	3.50E-07	9.52678E-08
97.7552	-6.60E-07	-1.79648E-07
97.84105	-8.55E-07	-2.32726E-07
97.93575	2.03E-06	5.52553E-07
98.03715	4.74E-07	1.2902E-07
98.13065	-6.40E-08	-1.74204E-08
98.2511	-6.67E-07	-1.81553E-07
98.33805	2.32E-07	6.31489E-08
98.4315	2.24E-07	6.09714E-08
98.53195	2.02E-07	5.49831E-08
98.62545	-3.06E-07	-8.32913E-08
98.7468	-2.42E-07	-6.58709E-08
98.83425	5.36E-07	1.45896E-07
98.92885	-1.16E-07	-3.15745E-08
99.02985	5.40E-07	1.46985E-07
99.12285	3.84E-07	1.04522E-07
99.244	-2.36E-07	-6.42377E-08
99.36465	-1.66E-07	-4.51842E-08
99.45875	-4.03E-08	-1.09694E-08
99.554	4.55E-08	1.23848E-08
99.6482	3.94E-07	1.07244E-07
99.7417	1.65E-07	4.4912E-08
99.8636	-1.14E-07	-3.10301E-08
99.9511	-3.41E-08	-9.2818E-09
100.0447	-2.79E-08	-7.5942E-09
100.14625	2.57E-07	6.99538E-08
100.2411	6.74E-07	1.83459E-07
100.36255	1.46E-07	3.97403E-08
100.49035	7.46E-08	2.03056E-08
100.58445	5.54E-07	1.50795E-07
100.64585	1.44E-07	3.91959E-08
100.7396	4.02E-07	1.09422E-07
100.8601	8.10E-08	2.20477E-08
100.9822	4.85E-08	1.32014E-08
101.077	1.82E-07	4.95393E-08
101.172	2.17E-07	5.9066E-08
101.26785	4.89E-08	1.33103E-08
101.3637	-3.63E-09	-9.88063E-10
101.4848	-1.17E-06	-3.18467E-07
101.57785	-1.44E-08	-3.91959E-09
101.6729	3.90E-07	1.06156E-07
101.7681	2.73E-07	7.43089E-08
101.8696	1.79E-07	4.87227E-08
101.9986	4.91E-07	1.33647E-07
102.0932	7.01E-08	1.90808E-08
102.18795	-3.38E-08	-9.20015E-09
102.28285	2.04E-08	5.55275E-09
102.37775	-2.98E-07	-8.11137E-08
102.49985	4.80E-07	1.30653E-07
102.58865	4.05E-07	1.10238E-07
102.684	6.47E-07	1.76109E-07
102.78555	1.22E-07	3.32076E-08
102.88095	5.56E-07	1.5134E-07
103.0023	-3.46E-08	-9.4179E-09
103.12355	3.17E-07	8.62854E-08
103.2192	2.45E-07	6.66875E-08
103.28785	6.47E-07	1.76109E-07
103.3827	4.18E-07	1.13777E-07
103.50505	-1.64E-08	-4.46398E-09
103.62935	1.50E-07	4.08291E-08
103.72445	5.33E-07	1.45079E-07
103.81855	9.35E-08	2.54501E-08
103.9138	7.53E-08	2.04962E-08
104.0088	3.57E-07	9.71731E-08
104.13125	2.97E-07	8.08415E-08
104.22695	4.08E-07	1.11055E-07
104.3233	1.92E-07	5.22612E-08
104.41805	2.76E-08	7.51255E-09
104.51215	2.76E-07	7.51255E-08
104.6349	6.01E-07	1.63588E-07
104.72365	2.91E-07	7.92084E-08
104.8204	2.00E-08	5.44387E-09
104.92265	2.11E-07	5.74329E-08
105.0176	7.78E-07	2.11767E-07
105.1415	2.47E-08	6.72318E-09
105.26435	-2.81E-07	-7.64864E-08
105.35935	2.92E-08	7.94806E-09
105.4559	2.82E-07	7.67586E-08
105.5519	2.82E-07	7.67586E-08
105.64715	2.82E-07	7.67586E-08
105.77015	1.37E-07	3.72905E-08
105.86635	1.37E-07	3.72905E-08
105.96295	1.37E-07	3.72905E-08
106.05785	3.77E-07	1.02617E-07
106.15355	3.77E-07	1.02617E-07
106.27675	3.77E-07	1.02617E-07
106.36565	1.62E-07	4.40954E-08
106.46295	5.23E-07	1.42357E-07
106.56625	5.50E-07	1.49707E-07
106.6621	4.77E-07	1.29836E-07
106.78525	3.87E-07	1.05339E-07
106.92155	2.09E-07	5.68885E-08
107.02435	7.59E-08	2.06595E-08
107.0866	2.27E-07	6.1788E-08
107.18305	6.01E-08	1.63588E-08
107.30655	3.32E-07	9.03683E-08
107.3963	3.03E-07	8.24747E-08
107.4931	4.50E-07	1.22487E-07
107.5968	1.94E-07	5.28056E-08
107.69395	2.74E-07	7.45811E-08
107.81805	-1.28E-07	-3.48408E-08
107.94215	4.92E-07	1.33919E-07
108.03855	-2.64E-07	-7.18591E-08
108.13495	4.64E-07	1.26298E-07
108.23225	4.64E-07	1.26298E-07
108.3299	5.37E-08	1.46168E-08
108.4537	3.30E-07	8.98239E-08
108.54985	8.08E-08	2.19933E-08
108.6458	8.51E-08	2.31637E-08
108.742	3.49E-07	9.49956E-08
108.84025	1.68E-07	4.57285E-08
108.96525	1.48E-07	4.02847E-08
109.0539	-2.90E-07	-7.89362E-08
109.1506	-1.38E-07	-3.75627E-08
109.2553	-8.09E-08	-2.20205E-08
109.3531	3.54E-07	9.63566E-08
109.4781	3.39E-07	9.22737E-08
109.60975	4.43E-07	1.20582E-07
109.7064	-5.04E-08	-1.37186E-08
109.83065	8.34E-07	2.2701E-07
109.9916	3.33E-07	9.06405E-08
110.1167	6.94E-07	1.88902E-07
110.21305	3.82E-07	1.03978E-07
110.30965	4.33E-08	1.1786E-08
110.4074	1.44E-07	3.91959E-08
110.5055	7.03E-07	1.91352E-07
110.6302	8.26E-08	2.24832E-08
110.72785	2.87E-07	7.81196E-08
110.8264	4.19E-07	1.14049E-07
110.92465	2.44E-07	6.64153E-08
111.021	8.51E-08	2.31637E-08
111.1467	3.46E-07	9.4179E-08
111.24565	7.72E-07	2.10134E-07
111.34305	3.05E-07	8.30191E-08
111.46855	2.03E-07	5.52553E-08
111.566	-1.13E-08	-3.07579E-09
111.6634	5.43E-07	1.47801E-07
111.7617	5.08E-07	1.38274E-07
111.8668	1.04E-06	2.83081E-07
111.9714	4.34E-07	1.18132E-07
112.06905	7.33E-07	1.99518E-07
112.1959	7.33E-07	1.99518E-07
112.32915	7.33E-07	1.99518E-07
112.42665	1.04E-07	2.83081E-08
112.4904	1.56E-07	4.24622E-08
112.58865	2.89E-07	7.8664E-08
112.715	3.52E-07	9.58122E-08
112.8485	3.20E-08	8.7102E-09
112.9466	2.43E-07	6.61431E-08
113.0381	7.65E-07	2.08228E-07
113.13715	3.82E-07	1.03978E-07
113.2359	4.52E-07	1.23032E-07
113.3618	2.14E-07	5.82495E-08
113.45925	1.68E-07	4.57285E-08
113.55745	1.72E-07	4.68173E-08
113.65655	2.73E-07	7.43089E-08
113.7553	2.88E-07	7.83918E-08
113.8824	5.04E-07	1.37186E-07
113.98105	4.16E-07	1.13233E-07
114.07915	5.43E-07	1.47801E-07
114.2058	5.32E-07	1.44807E-07
114.30455	4.37E-07	1.18949E-07
114.40365	3.61E-07	9.82619E-08
114.531	2.32E-07	6.31489E-08
114.62275	6.84E-07	1.8618E-07
114.707	7.84E-07	2.134E-07
114.81995	1.34E-07	3.6474E-08
114.93355	3.75E-07	1.02073E-07
115.0614	-1.41E-07	-3.83793E-08
115.16035	3.86E-07	1.05067E-07
115.24425	1.07E-07	2.91247E-08
115.3578	9.53E-08	2.59401E-08
115.4726	2.69E-07	7.32201E-08
115.59285	2.70E-07	7.34923E-08
115.6909	3.55E-07	9.66288E-08
115.7834	1.10E-07	2.99413E-08
115.8973	9.71E-08	2.643E-08
116.0111	3.21E-07	8.73742E-08
116.1247	-1.37E-07	-3.72905E-08
116.21705	7.38E-07	2.00879E-07
116.3172	2.45E-07	6.66875E-08
116.43835	2.24E-07	6.09714E-08
116.5524	1.42E-07	3.86515E-08
116.6376	1.17E-07	3.18467E-08
116.72945	4.72E-07	1.28475E-07
116.8505	-6.89E-08	-1.87541E-08
116.94315	3.90E-07	1.06156E-07
117.03615	8.29E-07	2.25649E-07
117.1507	3.83E-07	1.0425E-07
117.2641	3.13E-07	8.51966E-08
117.38455	3.94E-07	1.07244E-07
117.51315	4.72E-07	1.28475E-07
117.6055	2.79E-07	7.5942E-08
117.6911	-1.23E-08	-3.34798E-09
117.8059	3.22E-07	8.76464E-08
117.927	3.11E-07	8.46522E-08
118.0487	1.54E-07	4.19178E-08
118.14185	3.57E-07	9.71731E-08
118.23365	-1.67E-07	-4.54563E-08
118.3538	1.41E-07	3.83793E-08
118.45295	2.59E-07	7.04982E-08
118.54705	-1.00E-07	-2.72194E-08
118.662	1.15E-07	3.13023E-08
118.78145	-1.07E-07	-2.91247E-08
118.87355	-1.12E-07	-3.04857E-08
118.9673	4.47E-07	1.21671E-07
119.0898	3.74E-07	1.018E-07
119.20445	4.44E-07	1.20854E-07
119.31865	4.84E-07	1.31742E-07
119.41245	-3.05E-07	-8.30191E-08
119.51285	3.68E-07	1.00167E-07
119.6338	4.75E-07	1.29292E-07
119.74965	3.63E-07	9.88063E-08
119.86595	1.86E-07	5.0628E-08
119.98775	1.86E-07	5.0628E-08
120.07915	1.86E-07	5.0628E-08
120.1724	4.36E-07	1.18676E-07
120.2948	1.53E-07	4.16456E-08
120.40915	1.53E-07	4.16456E-08
120.49535	2.38E-07	6.47821E-08
120.5884	4.66E-07	1.26842E-07
120.7182	4.36E-07	1.18676E-07
120.8122	4.52E-07	1.23032E-07
120.89815	5.65E-07	1.53789E-07
121.0131	3.24E-07	8.81908E-08
121.1282	4.44E-07	1.20854E-07
121.25755	1.84E-07	5.00836E-08
121.3586	2.51E-07	6.83206E-08
121.4451	3.23E-07	8.79186E-08
121.56025	4.12E-07	1.12144E-07
121.67705	-1.51E-08	-4.11012E-09
121.80065	4.45E-07	1.21126E-07
121.90165	2.46E-07	6.69596E-08
121.99585	3.14E-07	8.54688E-08
122.1112	6.92E-07	1.88358E-07
122.22765	1.43E-07	3.89237E-08
122.3505	4.21E-07	1.14594E-07
122.44405	3.96E-07	1.07789E-07
122.5967	3.08E-07	8.38357E-08
122.7781	8.81E-07	2.39803E-07
122.90165	3.91E-08	1.06428E-08
122.9961	1.67E-07	4.54563E-08
123.0902	-1.42E-07	-3.86515E-08
123.2137	2.01E-07	5.47109E-08
123.32955	3.48E-07	9.47234E-08
123.4168	2.18E-07	5.93382E-08
123.5124	3.82E-07	1.03978E-07
123.636	2.37E-07	6.45099E-08
123.759	1.37E-07	3.72905E-08
123.8531	5.18E-07	1.40996E-07
123.9419	5.53E-07	1.50523E-07
124.06795	5.40E-09	1.46985E-09
124.19165	4.70E-07	1.27931E-07
124.31435	8.58E-07	2.33542E-07
124.40945	6.76E-07	1.84003E-07
124.49915	1.99E-07	5.41665E-08
124.62415	8.79E-08	2.39258E-08
124.7485	-3.02E-08	-8.22025E-09
124.87285	1.80E-07	4.89949E-08
124.9749	3.89E-07	1.05883E-07
125.0694	1.63E-07	4.43676E-08
125.1928	2.67E-07	7.26757E-08
125.2887	2.44E-07	6.64153E-08
125.3767	-6.74E-08	-1.83459E-08
125.49395	3.69E-07	1.00439E-07
125.6188	1.89E-07	5.14446E-08
125.7505	3.73E-07	1.01528E-07
125.8471	1.78E-07	4.84505E-08
125.9356	-6.91E-08	-1.88086E-08
126.05255	1.76E-07	4.79061E-08
126.17845	4.24E-07	1.1541E-07
126.30365	3.22E-07	8.76464E-08
126.39965	2.55E-07	6.94094E-08
126.49525	4.03E-07	1.09694E-07
126.6127	3.99E-07	1.08605E-07
126.7312	1.67E-07	4.54563E-08
126.82635	5.04E-07	1.37186E-07
126.93015	5.50E-07	1.49707E-07
127.05665	-5.97E-08	-1.625E-08
127.17525	2.13E-07	5.79773E-08
127.29455	3.22E-07	8.76464E-08
127.42015	4.77E-08	1.29836E-08
127.52285	2.80E-07	7.62142E-08
127.61885	5.14E-07	1.39908E-07
127.73705	5.12E-08	1.39363E-08
127.8255	-2.87E-08	-7.81196E-09
127.91415	3.14E-08	8.54688E-09
128.041	3.13E-07	8.51966E-08
128.175	1.92E-07	5.22612E-08
128.30075	1.08E-07	2.93969E-08
128.38975	7.48E-07	2.03601E-07
128.47945	5.14E-07	1.39908E-07
128.59845	4.53E-08	1.23304E-08
128.7033	4.24E-07	1.1541E-07
128.80835	7.88E-08	2.14489E-08
128.9268	5.25E-07	1.42902E-07
129.0456	1.86E-07	5.0628E-08
129.1646	4.46E-07	1.21398E-07
129.32865	-1.42E-07	-3.86515E-08
129.49315	6.22E-07	1.69304E-07
129.61365	2.00E-07	5.44387E-08
129.73405	1.15E-07	3.13023E-08
129.8679	1.93E-07	5.25334E-08
129.97245	3.29E-07	8.95517E-08
130.0629	3.99E-07	1.08605E-07
130.1829	5.14E-08	1.39908E-08
130.3032	-6.94E-08	-1.88902E-08
130.4312	3.04E-07	8.27469E-08
130.53565	1.13E-07	3.07579E-08
130.6331	1.13E-07	3.07579E-08
130.7539	1.13E-07	3.07579E-08
130.87425	1.10E-07	2.99413E-08
130.96415	5.69E-07	1.54878E-07
131.06925	2.24E-07	6.09714E-08
131.20545	7.13E-07	1.94074E-07
131.32655	3.51E-07	9.554E-08
131.4177	3.51E-07	9.554E-08
131.50885	5.15E-07	1.4018E-07
131.64345	4.21E-07	1.14594E-07
131.7565	3.31E-07	9.00961E-08
131.85565	1.46E-07	3.97403E-08
131.97695	2.24E-07	6.09714E-08
132.09885	1.98E-07	5.38944E-08
132.22785	3.39E-07	9.22737E-08
132.3336	5.10E-09	1.38819E-09
132.43135	-1.08E-07	-2.93969E-08
132.5529	4.15E-07	1.1296E-07
132.6756	1.20E-07	3.26632E-08
132.80375	2.94E-07	8.00249E-08
132.90175	2.59E-07	7.04982E-08
133.0011	2.63E-07	7.15869E-08
133.1306	5.80E-07	1.57872E-07
133.25275	3.64E-07	9.90785E-08
133.38235	5.45E-07	1.48346E-07
133.48085	2.28E-07	6.20602E-08
133.57875	8.25E-08	2.2456E-08
133.7094	-6.21E-07	-1.69032E-07
133.83275	1.85E-07	5.03558E-08
133.92495	8.23E-08	2.24015E-08
134.0247	5.81E-07	1.58145E-07
134.16255	-1.86E-07	-5.0628E-08
134.2929	2.76E-07	7.51255E-08
134.38515	2.43E-07	6.61431E-08
134.4778	1.29E-07	3.5113E-08
134.6094	3.48E-07	9.47234E-08
134.7402	3.67E-07	9.98951E-08
134.8386	1.35E-07	3.67461E-08
134.93955	6.86E-07	1.86725E-07
135.0636	2.81E-07	7.64864E-08
135.18635	6.26E-07	1.70393E-07
135.31825	6.02E-07	1.63861E-07
135.4272	5.61E-07	1.52701E-07
135.5283	4.13E-07	1.12416E-07
135.6522	7.02E-07	1.9108E-07
135.77565	2.41E-07	6.55987E-08
135.90785	1.13E-07	3.07579E-08
136.0089	7.65E-07	2.08228E-07
136.10985	1.10E-07	2.99413E-08
136.2424	6.23E-07	1.69577E-07
136.36635	1.59E-07	4.32788E-08
136.467	2.68E-07	7.29479E-08
136.5682	2.02E-07	5.49831E-08
136.70155	3.58E-07	9.74453E-08
136.83465	3.57E-07	9.71731E-08
136.959	2.70E-07	7.34923E-08
137.09075	-1.80E-07	-4.89949E-08
137.19155	1.47E-08	4.00125E-09
137.2946	-9.94E-08	-2.70561E-08
137.42815	2.61E-07	7.10426E-08
137.5528	5.83E-07	1.58689E-07
137.64715	1.82E-07	4.95393E-08
137.74915	2.56E-07	6.96816E-08
137.89	2.91E-09	7.92084E-10
138.02395	4.83E-07	1.3147E-07
138.1184	5.99E-08	1.63044E-08
138.21295	3.16E-07	8.60132E-08
138.34635	1.24E-07	3.3752E-08
138.48775	2.22E-07	6.0427E-08
138.5902	7.69E-07	2.09317E-07
138.72255	1.28E-07	3.48408E-08
138.855	-2.15E-07	-5.85216E-08
138.95815	3.64E-07	9.90785E-08
139.0613	-3.44E-09	-9.36346E-10
139.16415	5.34E-07	1.45351E-07
139.2987	1.72E-07	4.68173E-08
139.4239	2.31E-07	6.28767E-08
139.5587	3.20E-08	8.7102E-09
139.66075	5.03E-07	1.36913E-07
139.7625	1.23E-07	3.34798E-08
139.89965	2.10E-07	5.71607E-08
140.02665	2.58E-07	7.0226E-08
140.1511	-1.34E-07	-3.6474E-08
140.25575	-6.76E-09	-1.84003E-09
140.369	4.27E-07	1.16227E-07
140.503	2.14E-07	5.82495E-08
140.59725	1.93E-07	5.25334E-08
140.69405	9.68E-07	2.63483E-07
140.83015	4.31E-07	1.17315E-07
140.97335	2.05E-07	5.57997E-08
141.10895	5.93E-07	1.61411E-07
141.23665	-7.66E-08	-2.085E-08
141.33245	5.55E-07	1.51068E-07
141.4276	-1.75E-07	-4.76339E-08
141.5724	1.08E-06	2.93969E-07
141.68565	4.88E-07	1.32831E-07
141.7815	-1.80E-07	-4.89949E-08
141.91005	1.79E-07	4.87227E-08
142.0384	1.65E-07	4.4912E-08
142.1823	1.65E-07	4.4912E-08
142.29595	1.03E-07	2.8036E-08
142.3928	5.72E-07	1.55695E-07
142.52105	5.72E-07	1.55695E-07
142.65005	2.62E-07	7.13147E-08
142.79565	3.85E-07	1.04795E-07
142.9091	9.47E-08	2.57767E-08
143.0054	1.79E-07	4.87227E-08
143.1349	-3.32E-08	-9.03683E-09
143.265	-1.63E-07	-4.43676E-08
143.4102	2.15E-07	5.85216E-08
143.5241	-1.19E-07	-3.2391E-08
143.62185	-1.02E-08	-2.77638E-09
143.7512	3.07E-07	8.35635E-08
143.88115	3.52E-07	9.58122E-08
144.0198	2.62E-07	7.13147E-08
144.1336	5.00E-07	1.36097E-07
144.23915	5.92E-08	1.61139E-08
144.36875	2.20E-07	5.98826E-08
144.49945	2.37E-07	6.45099E-08
144.59775	4.10E-07	1.11599E-07
144.70415	5.27E-07	1.43446E-07
144.8516	-1.19E-07	-3.2391E-08
144.99035	7.76E-07	2.11222E-07
145.089	5.13E-07	1.39635E-07
145.18835	3.37E-08	9.17293E-09
145.32735	3.43E-07	9.33624E-08
145.4729	6.39E-07	1.73932E-07
145.5801	4.52E-07	1.23032E-07
145.67975	3.14E-07	8.54688E-08
145.8116	4.78E-07	1.30109E-07
145.9514	8.43E-07	2.29459E-07
146.10755	1.11E-07	3.02135E-08
146.22345	1.08E-06	2.93969E-07
146.3229	5.01E-07	1.36369E-07
146.46305	-3.80E-08	-1.03434E-08
146.5708	1.13E-07	3.07579E-08
146.6703	2.50E-07	6.80484E-08
146.81075	4.59E-07	1.24937E-07
146.952	6.28E-07	1.70938E-07
147.09325	5.49E-07	1.49434E-07
147.20105	2.24E-07	6.09714E-08
147.30015	-8.92E-08	-2.42797E-08
147.4417	-9.97E-08	-2.71377E-08
147.58405	1.80E-08	4.89949E-09
147.72605	5.97E-08	1.625E-08
147.834	5.04E-07	1.37186E-07
147.9336	4.21E-07	1.14594E-07
148.0665	3.13E-07	8.51966E-08
148.20775	4.88E-07	1.32831E-07
148.317	2.65E-07	7.21313E-08
148.4256	4.59E-07	1.24937E-07
148.56765	-4.40E-08	-1.19765E-08
148.70285	5.02E-07	1.36641E-07
148.84555	7.47E-07	2.03329E-07
148.96135	6.99E-07	1.90263E-07
149.0697	5.10E-07	1.38819E-07
149.2044	4.74E-07	1.2902E-07
149.33885	4.74E-07	1.2902E-07
149.474	-2.35E-07	-6.39655E-08
149.59285	6.57E-07	1.78831E-07
149.7104	1.72E-07	4.68173E-08
149.8448	1.53E-07	4.16456E-08
149.9807	1.56E-07	4.24622E-08
150.0828	5.09E-08	1.38547E-08
150.19295	2.71E-07	7.37645E-08
150.3468	-1.18E-07	-3.21189E-08
150.49215	8.71E-07	2.37081E-07
150.59385	7.80E-07	2.12311E-07
150.69555	2.49E-07	6.77762E-08
150.83985	8.15E-07	2.21838E-07
150.99385	4.76E-07	1.29564E-07
151.1044	1.42E-07	3.86515E-08
151.20715	5.73E-08	1.55967E-08
151.3444	5.69E-07	1.54878E-07
151.48935	7.30E-07	1.98701E-07
151.63475	1.17E-07	3.18467E-08
151.78015	8.84E-08	2.40619E-08
151.8904	3.10E-08	8.438E-09
152.00215	1.80E-07	4.89949E-08
152.1486	4.73E-07	1.28748E-07
152.25075	3.76E-07	1.02345E-07
152.3543	6.30E-07	1.71482E-07
152.50215	-3.01E-08	-8.19303E-09
152.6577	3.04E-07	8.27469E-08
152.80445	3.39E-07	9.22737E-08
152.9092	2.82E-08	7.67586E-09
153.0129	2.84E-07	7.7303E-08
153.1507	-3.69E-08	-1.00439E-08
153.30665	7.20E-07	1.95979E-07
153.4288	1.72E-07	4.68173E-08
153.53425	8.20E-07	2.23199E-07
153.67365	6.19E-08	1.68488E-08
153.83165	1.62E-07	4.40954E-08
153.9556	7.37E-07	2.00607E-07
154.0697	2.99E-07	8.13859E-08
154.217	3.38E-07	9.20015E-08
154.35685	2.46E-07	6.69596E-08
154.47155	1.93E-07	5.25334E-08
154.58575	3.85E-07	1.04795E-07
154.72665	1.07E-07	2.91247E-08
154.8755	4.41E-07	1.20037E-07
155.03345	6.25E-07	1.70121E-07
155.1482	2.11E-08	5.74329E-09
155.25455	1.93E-07	5.25334E-08
155.3962	8.32E-07	2.26465E-07
155.5374	4.52E-07	1.23032E-07
155.697	6.39E-07	1.73932E-07
155.82035	4.70E-08	1.27931E-08
155.92685	4.36E-07	1.18676E-07
156.0697	-4.41E-09	-1.20037E-09
156.21045	4.76E-07	1.29564E-07
156.3271	2.52E-07	6.85928E-08
156.44395	4.68E-07	1.27387E-07
156.59535	1.26E-07	3.42964E-08
156.747	4.27E-07	1.16227E-07
156.8984	3.41E-07	9.2818E-08
157.0152	5.95E-07	1.61955E-07
157.12325	3.35E-07	9.11849E-08
157.26695	1.93E-07	5.25334E-08
157.4193	1.81E-07	4.92671E-08
157.545	4.25E-07	1.15682E-07
157.66265	5.97E-07	1.625E-07
157.8086	-4.89E-08	-1.33103E-08
157.95375	1.45E-07	3.94681E-08
158.1062	3.98E-07	1.08333E-07
158.22385	6.31E-07	1.71754E-07
158.3424	2.44E-07	6.64153E-08
158.49765	1.63E-07	4.43676E-08
158.6444	3.29E-07	8.95517E-08
158.76345	1.49E-07	4.05569E-08
158.88205	2.92E-07	7.94806E-08
159.0272	4.44E-07	1.20854E-07
159.17395	6.61E-08	1.7992E-08
159.33905	5.91E-07	1.60866E-07
159.4669	5.83E-07	1.58689E-07
159.57875	4.23E-07	1.15138E-07
159.7273	2.41E-07	6.55987E-08
159.87385	3.92E-07	1.067E-07
160.02985	4.03E-07	1.09694E-07
160.1505	3.54E-07	9.63566E-08
160.27015	1.13E-07	3.07579E-08
160.42725	8.33E-07	2.26737E-07
160.58585	7.55E-07	2.05506E-07
160.7065	6.76E-07	1.84003E-07
160.81855	6.65E-07	1.81009E-07
160.96775	6.67E-07	1.81553E-07
161.12535	-3.36E-07	-9.14571E-08
161.2562	8.27E-07	2.25104E-07
161.3783	1.94E-07	5.28056E-08
161.52835	6.16E-07	1.67671E-07
161.67735	4.00E-07	1.08877E-07
161.8365	8.30E-08	2.25921E-08
162.0058	8.66E-07	2.3572E-07
162.1277	5.60E-07	1.52428E-07
162.2413	2.86E-07	7.78474E-08
162.4103	3.88E-07	1.05611E-07
162.54145	9.44E-07	2.56951E-07
162.65425	-1.48E-07	-4.02847E-08
162.80575	-2.99E-07	-8.13859E-08
162.96745	4.47E-07	1.21671E-07
163.1273	4.47E-07	1.21671E-07
163.2406	7.93E-07	2.1585E-07
163.3545	1.50E-07	4.08291E-08
163.5152	7.75E-07	2.1095E-07
163.687	8.56E-08	2.32998E-08
163.8113	1.60E-07	4.3551E-08
163.9252	2.89E-07	7.8664E-08
164.0771	4.69E-07	1.27659E-07
164.24	5.35E-07	1.45624E-07
164.4029	1.64E-07	4.46398E-08
164.5555	4.44E-07	1.20854E-07
164.6704	8.90E-07	2.42252E-07
164.80475	2.79E-07	7.5942E-08
164.97765	5.28E-07	1.43718E-07
165.1315	7.70E-07	2.09589E-07
165.2468	1.87E-07	5.09002E-08
165.3622	6.55E-07	1.78287E-07
165.5252	1.46E-07	3.97403E-08
165.68705	5.32E-07	1.44807E-07
165.8414	5.65E-07	1.53789E-07
165.99585	5.35E-07	1.45624E-07
166.13005	2.42E-07	6.58709E-08
166.26545	6.24E-07	1.69849E-07
166.4196	5.70E-07	1.5515E-07
166.534	8.64E-07	2.35175E-07
166.6583	9.14E-07	2.48785E-07
166.82095	3.84E-07	1.04522E-07
166.973	5.11E-07	1.39091E-07
167.12615	6.06E-07	1.64949E-07
167.288	7.27E-07	1.97885E-07
167.41205	9.43E-07	2.56679E-07
167.5387	1.03E-06	2.8036E-07
167.70255	4.74E-07	1.2902E-07
167.86945	6.29E-07	1.7121E-07
168.0006	1.04E-06	2.83081E-07
168.1217	5.98E-07	1.62772E-07
168.2821	5.30E-07	1.44263E-07
168.45595	7.78E-07	2.11767E-07
168.5904	8.33E-07	2.26737E-07
168.7133	1.16E-06	3.15745E-07
168.8748	7.47E-07	2.03329E-07
169.05105	5.72E-07	1.55695E-07
169.18695	6.76E-07	1.84003E-07
169.2979	7.83E-07	2.13128E-07
169.44135	6.09E-07	1.65766E-07
169.5808	3.35E-07	9.11849E-08
169.7234	7.71E-07	2.09861E-07
169.86295	5.62E-07	1.52973E-07
169.95935	7.29E-07	1.98429E-07
170.05095	9.00E-07	2.44974E-07
170.1706	3.23E-07	8.79186E-08
170.2944	3.23E-07	8.79186E-08
170.4196	3.23E-07	8.79186E-08
170.5397	6.78E-07	1.84547E-07
170.6254	8.32E-07	2.26465E-07
170.7014	2.90E-07	7.89362E-08
170.79775	3.38E-07	9.20015E-08
170.89055	6.68E-07	1.81825E-07
170.9656	2.64E-07	7.18591E-08
171.037	3.38E-07	9.20015E-08
171.1226	6.01E-07	1.63588E-07
171.20575	1.26E-07	3.42964E-08
171.286	3.57E-07	9.71731E-08
171.36345	4.58E-07	1.24665E-07
171.41865	4.58E-07	1.24665E-07
171.47175	1.41E-07	3.83793E-08
171.5486	8.72E-07	2.37353E-07
171.6239	5.04E-07	1.37186E-07
171.67395	5.09E-07	1.38547E-07
171.72355	-3.01E-07	-8.19303E-08
171.787	1.26E-07	3.42964E-08
171.85055	6.39E-08	1.73932E-08
171.91425	6.84E-07	1.8618E-07
171.9743	6.87E-07	1.86997E-07
172.0346	2.09E-07	5.68885E-08
172.0948	1.83E-07	4.98114E-08
172.13955	-5.55E-08	-1.51068E-08
172.18715	2.83E-07	7.70308E-08
172.24875	9.84E-07	2.67839E-07
172.30665	7.15E-07	1.94618E-07
172.3679	4.25E-07	1.15682E-07
172.41435	3.06E-07	8.32913E-08
172.4577	4.31E-07	1.17315E-07
172.516	3.97E-07	1.08061E-07
172.5743	-9.66E-08	-2.62939E-08
172.63235	6.32E-07	1.72026E-07
172.69125	4.66E-07	1.26842E-07
172.7558	7.59E-07	2.06595E-07
172.8055	1.18E-07	3.21189E-08
172.851	3.92E-07	1.067E-07
172.9106	2.79E-07	7.5942E-08
172.96865	7.42E-07	2.01968E-07
173.0245	2.28E-07	6.20602E-08
173.0793	3.56E-07	9.6901E-08
173.1195	1.63E-07	4.43676E-08
173.1596	6.92E-07	1.88358E-07
173.2125	6.48E-07	1.76382E-07
173.26965	-3.03E-07	-8.24747E-08
173.32655	4.69E-07	1.27659E-07
173.38205	4.39E-07	1.19493E-07
173.42545	3.75E-07	1.02073E-07
173.4655	2.79E-07	7.5942E-08
173.5196	3.64E-07	9.90785E-08
173.5743	5.43E-07	1.47801E-07
173.6283	-5.04E-08	-1.37186E-08
173.681	1.13E-07	3.07579E-08
173.72015	4.54E-07	1.23576E-07
173.7607	5.64E-07	1.53517E-07
173.81525	4.30E-07	1.17043E-07
173.8684	3.66E-07	9.96229E-08
173.9084	3.77E-07	1.02617E-07
174.28875	2.98E-07	8.11137E-08
174.3677	4.93E-07	1.34191E-07
174.4212	8.02E-07	2.18299E-07
174.47435	5.94E-07	1.61683E-07
174.52835	4.05E-07	1.10238E-07
174.58245	3.02E-08	8.22025E-09
174.6254	3.50E-07	9.52678E-08
174.6687	-7.97E-08	-2.16938E-08
174.72185	5.80E-07	1.57872E-07
174.7754	2.57E-07	6.99538E-08
174.82955	2.13E-07	5.79773E-08
174.8825	2.94E-07	8.00249E-08
174.92565	1.78E-07	4.84505E-08
174.9694	3.32E-07	9.03683E-08
175.02285	2.96E-07	8.05693E-08
175.07615	1.35E-07	3.67461E-08
175.1292	6.46E-07	1.75837E-07
175.18745	3.69E-07	1.00439E-07
175.2325	4.40E-07	1.19765E-07
175.27145	-3.05E-08	-8.30191E-09
175.32465	7.87E-08	2.14216E-08
175.37865	2.82E-07	7.67586E-08
175.43265	6.48E-07	1.76382E-07
175.48645	6.66E-07	1.81281E-07
175.5267	3.37E-08	9.17293E-09
175.56705	1.67E-07	4.54563E-08
175.62015	5.38E-07	1.4644E-07
175.6731	3.01E-07	8.19303E-08
175.7298	3.93E-07	1.06972E-07
175.78725	5.37E-07	1.46168E-07
175.8315	2.84E-07	7.7303E-08
175.8741	2.06E-07	5.60719E-08
175.9267	3.34E-07	9.09127E-08
175.98165	4.45E-07	1.21126E-07
176.03475	2.87E-07	7.81196E-08
176.08715	2.98E-07	8.11137E-08
176.12705	1.21E-07	3.29354E-08
176.1672	4.20E-08	1.14321E-08
176.22125	3.87E-07	1.05339E-07
176.2741	4.43E-07	1.20582E-07
176.3272	5.34E-07	1.45351E-07
176.3819	5.11E-07	1.39091E-07
176.43875	5.46E-07	1.48618E-07
176.4821	6.30E-07	1.71482E-07
176.52165	4.38E-07	1.19221E-07
176.57685	7.02E-07	1.9108E-07
176.6331	1.05E-07	2.85803E-08
176.6862	4.61E-08	1.25481E-08
176.72565	5.19E-07	1.41269E-07
176.76545	5.76E-07	1.56784E-07
176.8195	-6.48E-08	-1.76382E-08
176.8725	1.86E-07	5.0628E-08
176.9256	4.23E-07	1.15138E-07
176.98025	1.80E-07	4.89949E-08
177.03805	5.95E-09	1.61955E-09
177.08205	4.50E-07	1.22487E-07
177.12575	5.42E-07	1.47529E-07
177.18215	6.27E-08	1.70665E-08
177.2357	3.32E-07	9.03683E-08
177.29035	-3.78E-08	-1.02889E-08
177.33055	5.43E-07	1.47801E-07
177.37115	5.58E-07	1.51884E-07
177.42555	2.87E-07	7.81196E-08
177.48035	1.77E-07	4.81783E-08
177.5344	6.17E-07	1.67944E-07
177.57465	6.61E-07	1.7992E-07
177.589	3.31E-07	9.00961E-08
178.96815	-1.63E-08	-4.43676E-09
179.0194	3.49E-07	9.49956E-08
179.0716	7.01E-07	1.90808E-07
179.125	-1.33E-07	-3.62018E-08
179.17815	-1.65E-07	-4.4912E-08
179.23285	3.36E-07	9.14571E-08
179.2727	1.02E-07	2.77638E-08
179.3118	1.77E-07	4.81783E-08
179.3661	2.03E-07	5.52553E-08
179.4221	2.14E-07	5.82495E-08
179.4814	3.03E-07	8.24747E-08
179.5409	2.83E-07	7.70308E-08
179.5831	2.83E-07	7.70308E-08
179.62565	2.16E-07	5.87938E-08
179.6826	3.51E-07	9.554E-08
179.7379	3.96E-07	1.07789E-07
179.794	1.63E-07	4.43676E-08
179.8515	-3.63E-08	-9.88063E-09
179.90995	-1.64E-07	-4.46398E-08
179.9668	6.06E-07	1.64949E-07
180.0091	1.38E-07	3.75627E-08
180.05505	1.64E-07	4.46398E-08
180.114	2.63E-07	7.15869E-08
180.1694	5.98E-07	1.62772E-07
180.22725	3.75E-07	1.02073E-07
180.2706	1.54E-07	4.19178E-08
180.31195	-4.34E-09	-1.18132E-09
180.36655	2.16E-07	5.87938E-08
180.4197	1.90E-07	5.17168E-08
180.47175	2.73E-07	7.43089E-08
180.52365	-7.51E-08	-2.04417E-08
180.575	2.02E-07	5.49831E-08
180.61255	4.34E-07	1.18132E-07
180.65315	5.15E-07	1.4018E-07
180.70625	6.99E-07	1.90263E-07
180.75535	3.60E-08	9.79897E-09
180.80395	3.60E-08	9.79897E-09
180.86545	4.66E-08	1.26842E-08
180.9291	2.66E-07	7.24035E-08
180.98125	2.66E-07	7.24035E-08
181.032	3.87E-07	1.05339E-07
181.0825	1.98E-07	5.38944E-08
181.1323	5.62E-07	1.52973E-07
181.16975	7.60E-07	2.06867E-07
181.20885	3.57E-07	9.71731E-08
181.26455	2.39E-07	6.50543E-08
181.32015	3.27E-07	8.90073E-08
181.3722	2.56E-07	6.96816E-08
181.42615	5.18E-07	1.40996E-07
181.4677	1.69E-07	4.60007E-08
181.509	-9.08E-08	-2.47152E-08
181.56335	6.06E-07	1.64949E-07
181.6197	-2.52E-08	-6.85928E-09
181.67895	1.42E-07	3.86515E-08
181.73585	3.57E-07	9.71731E-08
181.7917	2.55E-07	6.94094E-08
181.8533	3.25E-07	8.8463E-08
181.9003	3.01E-07	8.19303E-08
181.9445	2.30E-07	6.26045E-08
182.0033	6.29E-07	1.7121E-07
182.06115	3.13E-07	8.51966E-08
182.1202	5.99E-07	1.63044E-07
182.17805	6.29E-08	1.7121E-08
182.22035	4.22E-07	1.14866E-07
182.26455	3.73E-07	1.01528E-07
182.323	2.95E-07	8.02971E-08
182.3805	6.61E-07	1.7992E-07
182.4411	4.17E-07	1.13505E-07
182.50085	1.95E-07	5.30778E-08
182.5423	1.38E-07	3.75627E-08
182.58165	-7.52E-08	-2.0469E-08
182.6349	3.30E-07	8.98239E-08
182.68785	1.74E-07	4.73617E-08
182.7395	-3.37E-08	-9.17293E-09
182.7912	2.76E-07	7.51255E-08
182.8401	-1.91E-07	-5.1989E-08
182.887	1.08E-06	2.93969E-07
182.9221	-1.28E-07	-3.48408E-08
182.95695	2.89E-07	7.8664E-08
183.0036	1.72E-07	4.68173E-08
183.0496	3.99E-07	1.08605E-07
183.0991	4.95E-07	1.34736E-07
183.1382	7.43E-07	2.0224E-07
183.17445	4.86E-07	1.32286E-07
183.2254	6.69E-07	1.82098E-07
183.27565	7.87E-07	2.14216E-07
183.31935	1.87E-07	5.09002E-08
183.3631	1.01E-06	2.74916E-07
183.4049	7.45E-08	2.02784E-08
183.4349	3.60E-07	9.79897E-08
183.46625	6.59E-07	1.79376E-07
183.50675	1.09E-08	2.96691E-09
183.54465	6.09E-07	1.65766E-07
183.57975	5.17E-07	1.40724E-07
183.615	3.76E-07	1.02345E-07
183.6493	5.62E-07	1.52973E-07
183.68035	8.84E-07	2.40619E-07
183.7029	3.01E-07	8.19303E-08
183.7269	2.60E-07	7.07704E-08
183.762	3.80E-07	1.03434E-07
183.7886	7.46E-07	2.03056E-07
183.8132	1.97E-07	5.36222E-08
183.84875	1.01E-07	2.74916E-08
183.88575	5.53E-07	1.50523E-07
183.92395	2.43E-07	6.61431E-08
183.96505	1.14E-06	3.10301E-07
184.00995	1.14E-06	3.10301E-07
184.05975	1.14E-06	3.10301E-07
184.10005	1.56E-07	4.24622E-08
184.1433	3.81E-07	1.03706E-07
184.203	5.15E-07	1.4018E-07
184.26645	9.65E-07	2.62667E-07
184.3394	6.29E-07	1.7121E-07
184.41805	5.32E-07	1.44807E-07
184.47765	9.16E-07	2.49329E-07
184.541	5.89E-07	1.60322E-07
184.62595	9.92E-07	2.70016E-07
184.7133	8.43E-07	2.29459E-07
184.80375	2.27E-07	6.1788E-08
184.8962	9.27E-07	2.52324E-07
184.9708	2.77E-07	7.53977E-08
185.04475	7.02E-07	1.9108E-07
185.135	-1.29E-07	-3.5113E-08
185.2239	-3.30E-08	-8.98239E-09
185.30895	5.20E-07	1.41541E-07
185.3896	3.53E-07	9.60844E-08
185.46975	2.12E-07	5.77051E-08
185.5489	6.59E-07	1.79376E-07
185.6057	2.33E-07	6.34211E-08
185.6574	2.33E-07	6.34211E-08
185.7241	-2.82E-07	-7.67586E-08
185.78915	5.70E-07	1.5515E-07
185.85255	3.43E-07	9.33624E-08
185.9144	7.54E-07	2.05234E-07
185.9608	1.83E-07	4.98114E-08
186.00455	5.35E-07	1.45624E-07
186.06345	3.89E-07	1.05883E-07
186.12145	4.71E-07	1.28203E-07
186.1793	2.77E-07	7.53977E-08
186.2362	2.63E-07	7.15869E-08
186.2765	4.12E-07	1.12144E-07
186.3166	3.66E-07	9.96229E-08
186.3688	5.47E-07	1.4889E-07
186.41965	5.03E-07	1.36913E-07
186.47275	3.04E-07	8.27469E-08
186.5138	7.43E-07	2.0224E-07
186.55065	1.45E-07	3.94681E-08
186.5974	5.93E-07	1.61411E-07
186.6447	3.95E-07	1.07517E-07
186.69275	3.39E-07	9.22737E-08
186.7384	1.71E-07	4.65451E-08
186.7867	7.01E-07	1.90808E-07
186.82445	2.93E-07	7.97528E-08
186.85745	3.14E-07	8.54688E-08
186.9028	4.78E-07	1.30109E-07
186.9481	7.64E-07	2.07956E-07
186.99225	2.03E-07	5.52553E-08
187.02835	1.77E-07	4.81783E-08
187.0635	2.68E-07	7.29479E-08
187.10965	7.17E-07	1.95163E-07
187.15555	2.22E-07	6.0427E-08
187.19875	1.79E-07	4.87227E-08
187.2435	1.01E-07	2.74916E-08
187.2775	2.34E-07	6.36933E-08
187.30995	8.22E-07	2.23743E-07
187.3549	2.67E-07	7.26757E-08
187.4014	-1.10E-07	-2.99413E-08
187.4471	5.09E-07	1.38547E-07
187.4935	1.35E-07	3.67461E-08
187.5419	3.22E-07	8.76464E-08
187.59205	1.05E-07	2.85803E-08
187.62995	6.03E-07	1.64133E-07
187.66905	9.99E-08	2.71922E-08
187.7216	6.15E-08	1.67399E-08
187.7738	4.71E-07	1.28203E-07
187.8254	2.90E-07	7.89362E-08
187.87605	1.66E-07	4.51842E-08
187.92735	4.24E-07	1.1541E-07
187.97805	2.63E-07	7.15869E-08
188.0158	3.63E-07	9.88063E-08
188.05425	1.33E-08	3.62018E-09
188.10445	4.36E-07	1.18676E-07
188.15405	-1.66E-07	-4.51842E-08
188.204	1.20E-07	3.26632E-08
188.25365	1.85E-07	5.03558E-08
188.3035	2.25E-07	6.12436E-08
188.3409	4.46E-07	1.21398E-07
188.3531	3.52E-08	9.58122E-09
190.0187	-1.93E-07	-5.25334E-08
190.0778	3.16E-07	8.60132E-08
190.13255	9.12E-08	2.48241E-08
190.17165	-5.18E-07	-1.40996E-07
190.21015	1.15E-07	3.13023E-08
190.25745	5.91E-08	1.60866E-08
190.29135	4.50E-07	1.22487E-07
190.32405	2.41E-07	6.55987E-08
190.3622	-1.82E-07	-4.95393E-08
190.3974	1.83E-07	4.98114E-08
190.43145	8.23E-08	2.24015E-08
190.46535	8.74E-07	2.37897E-07
190.4973	-4.52E-08	-1.23032E-08
190.5275	-5.82E-07	-1.58417E-07
190.55585	-5.82E-07	-1.58417E-07
190.5753	1.59E-07	4.32788E-08
190.59105	6.96E-07	1.89447E-07
190.6119	-1.20E-07	-3.26632E-08
190.63645	1.99E-07	5.41665E-08
190.66455	1.99E-07	5.41665E-08
190.6988	3.68E-07	1.00167E-07
190.7412	1.18E-06	3.21189E-07
190.77425	8.61E-07	2.34359E-07
190.8103	7.72E-07	2.10134E-07
190.86055	1.46E-07	3.97403E-08
190.91165	1.46E-07	3.97403E-08
190.96545	6.06E-07	1.64949E-07
191.01915	8.93E-07	2.43069E-07
191.0737	5.27E-07	1.43446E-07
191.1275	7.28E-08	1.98157E-08
191.1799	5.61E-07	1.52701E-07
191.2183	3.21E-07	8.73742E-08
191.2574	5.16E-07	1.40452E-07
191.31005	3.57E-07	9.71731E-08
191.3609	2.65E-08	7.21313E-09
191.41195	3.29E-07	8.95517E-08
191.4621	4.20E-07	1.14321E-07
191.51095	4.82E-07	1.31197E-07
191.5483	4.64E-07	1.26298E-07
191.58555	4.07E-07	1.10783E-07
191.63395	-1.69E-07	-4.60007E-08
191.68305	4.62E-07	1.25753E-07
191.73175	3.71E-07	1.00984E-07
191.7801	1.40E-07	3.81071E-08
191.82825	-4.30E-08	-1.17043E-08
191.877	5.53E-07	1.50523E-07
191.9141	7.17E-08	1.95163E-08
191.95095	6.54E-08	1.78015E-08
192.00065	-2.50E-07	-6.80484E-08
192.0514	5.20E-07	1.41541E-07
192.1033	3.28E-07	8.92795E-08
192.1556	8.19E-07	2.22927E-07
192.2125	2.52E-07	6.85928E-08
192.2574	4.78E-07	1.30109E-07
192.3	2.82E-07	7.67586E-08
192.3572	2.04E-07	5.55275E-08
192.41445	3.91E-08	1.06428E-08
192.4722	7.81E-07	2.12583E-07
192.5313	7.56E-08	2.05778E-08
192.59165	6.07E-07	1.65222E-07
192.6374	6.46E-07	1.75837E-07
192.68485	5.39E-07	1.46712E-07
192.7482	6.15E-07	1.67399E-07
192.8119	6.97E-07	1.89719E-07
192.87975	2.16E-07	5.87938E-08
192.94665	5.09E-07	1.38547E-07
192.99445	8.52E-07	2.31909E-07
193.04545	6.66E-07	1.81281E-07
193.1107	6.40E-08	1.74204E-08
193.1719	6.42E-08	1.74748E-08
193.23085	6.41E-08	1.74476E-08
193.2878	9.91E-07	2.69744E-07
193.3297	6.47E-07	1.76109E-07
193.36885	3.72E-07	1.01256E-07
193.42165	1.05E-07	2.85803E-08
193.4721	5.36E-07	1.45896E-07
193.5162	6.22E-07	1.69304E-07
193.55655	4.36E-07	1.18676E-07
193.5855	7.03E-08	1.91352E-08
193.61205	7.17E-07	1.95163E-07
193.64565	5.37E-07	1.46168E-07
193.67615	-1.46E-07	-3.97403E-08
193.70415	8.60E-07	2.34087E-07
193.72905	6.09E-07	1.65766E-07
193.75205	3.42E-07	9.30902E-08
193.7747	1.95E-07	5.30778E-08
193.79145	4.09E-07	1.11327E-07
193.8089	2.26E-07	6.15158E-08
193.83205	4.94E-07	1.34464E-07
193.85665	1.07E-06	2.91247E-07
193.88225	4.59E-07	1.24937E-07
193.9101	5.91E-07	1.60866E-07
193.9436	-6.65E-08	-1.81009E-08
193.98205	8.48E-08	2.3082E-08
194.01465	4.52E-08	1.23032E-08
194.05215	4.53E-07	1.23304E-07
194.1045	5.67E-07	1.54334E-07
194.16515	-7.83E-07	-2.13128E-07
194.23455	4.94E-07	1.34464E-07
194.31015	-2.13E-07	-5.79773E-08
194.39515	1.02E-06	2.77638E-07
194.48655	4.00E-07	1.08877E-07
194.55715	1.51E-06	4.11012E-07
194.63345	9.50E-08	2.58584E-08
194.74075	-2.15E-07	-5.85216E-08
194.85255	6.02E-07	1.63861E-07
194.9672	-4.75E-08	-1.29292E-08
195.0838	7.16E-07	1.94891E-07
195.20075	7.76E-08	2.11222E-08
195.31885	7.38E-07	2.00879E-07
195.40685	6.20E-07	1.6876E-07
195.4926	2.79E-07	7.5942E-08
195.60715	1.31E-07	3.56574E-08
195.72925	-4.37E-07	-1.18949E-07
195.85315	8.10E-07	2.20477E-07
195.94115	1.34E-07	3.6474E-08
196.02915	5.59E-07	1.52156E-07
196.148	6.16E-07	1.67671E-07
196.26595	5.05E-07	1.37458E-07
196.3821	2.06E-09	5.60719E-10
196.49825	5.78E-07	1.57328E-07
196.61315	5.92E-08	1.61139E-08
196.7254	7.30E-07	1.98701E-07
196.8343	7.01E-07	1.90808E-07
196.91305	1.12E-06	3.04857E-07
196.99715	3.62E-07	9.85341E-08
197.1058	7.50E-07	2.04145E-07
197.20485	7.26E-07	1.97613E-07
197.30195	3.58E-07	9.74453E-08
197.39595	1.04E-06	2.83081E-07
197.46285	1.04E-06	2.83081E-07
197.5275	4.93E-07	1.34191E-07
197.61255	4.19E-07	1.14049E-07
197.7329	7.45E-07	2.02784E-07
197.85255	3.85E-07	1.04795E-07
197.9109	8.03E-07	2.18572E-07
197.96485	1.15E-06	3.13023E-07
198.034	3.08E-06	8.38357E-07
198.1002	2.57E-07	6.99538E-08
198.16345	7.99E-07	2.17483E-07
198.22275	7.99E-07	2.17483E-07
198.2805	7.81E-07	2.12583E-07
198.3228	2.55E-07	6.94094E-08
198.36365	8.97E-07	2.44158E-07
198.41535	6.42E-07	1.74748E-07
198.46555	4.88E-07	1.32831E-07
198.5124	8.25E-07	2.2456E-07
198.55765	2.46E-08	6.69596E-09
198.60265	7.14E-07	1.94346E-07
198.6451	2.29E-07	6.23324E-08
198.67625	9.83E-07	2.67566E-07
198.7074	2.64E-07	7.18591E-08
198.7469	4.66E-07	1.26842E-07
198.78385	2.89E-07	7.8664E-08
198.8213	6.13E-07	1.66855E-07
198.8573	1.90E-07	5.17168E-08
198.89125	5.79E-07	1.576E-07
198.925	-2.94E-08	-8.00249E-09
198.9577	3.90E-07	1.06156E-07
198.98175	8.42E-07	2.29187E-07
199.0039	1.96E-07	5.335E-08
199.03265	8.67E-07	2.35992E-07
199.0614	7.08E-07	1.92713E-07
199.08935	3.06E-07	8.32913E-08
199.1161	4.08E-07	1.11055E-07
199.1413	1.34E-07	3.6474E-08
199.1602	9.75E-08	2.65389E-08
199.1792	-9.30E-08	-2.5314E-08
199.20335	8.11E-07	2.20749E-07
199.2262	4.53E-07	1.23304E-07
199.24885	1.54E-07	4.19178E-08
199.27025	-9.02E-08	-2.45519E-08
199.29275	2.62E-07	7.13147E-08
199.30825	6.15E-07	1.67399E-07
199.3217	3.40E-07	9.25459E-08
199.3414	5.14E-07	1.39908E-07
199.36175	3.32E-07	9.03683E-08
199.3828	3.42E-07	9.30902E-08
199.4029	7.84E-07	2.134E-07
199.42335	5.62E-07	1.52973E-07
199.43775	5.16E-07	1.40452E-07
199.4512	6.21E-07	1.69032E-07
199.47155	4.32E-07	1.17588E-07
199.492	7.15E-07	1.94618E-07
199.5123	4.67E-07	1.27114E-07
199.5329	1.13E-07	3.07579E-08
199.54815	6.17E-07	1.67944E-07
199.56325	5.20E-07	1.41541E-07
199.5832	1.13E-07	3.07579E-08
199.60435	6.76E-07	1.84003E-07
199.62675	1.04E-06	2.83081E-07
199.649	3.78E-07	1.02889E-07
199.6705	5.47E-07	1.4889E-07
199.68705	3.54E-07	9.63566E-08
