10.00335	-0.053335238
10.0022	-0.0533333
10.001	-0.053329956
10.0005	-0.05332504
10.0003	-0.053328003
10.0003	-0.053338098
10.00035	-0.053326766
10.00015	-0.053342394
9.9995	-0.053330389
9.9986	-0.053331501
9.9991	-0.053335955
9.99995	-0.053327496
9.99975	-0.053325394
10.0001	-0.053336113
10.0008	-0.053334589
10.00085	-0.053328635
10.0007	-0.053333783
10.0009	-0.053326939
10.00075	-0.053331118
10.00045	-0.053328397
10.0006	-0.053340738
10.00105	-0.053329107
10.0013	-0.053333204
10.0016	-0.05333483
10.00175	-0.05333219
10.0016	-0.0533226
10.0017	-0.053329619
10.0015	-0.053334506
10.0012	-0.053331286
10.0016	-0.053330919
10.00135	-0.053333044
10.0003	-0.053335471
10.00045	-0.053334286
10.00105	-0.05333299
10.0013	-0.053327057
10.0014	-0.053332781
10.0009	-0.053335889
10.00035	-0.053331123
9.99995	-0.053342685
9.99965	-0.053326789
9.99985	-0.053331268
10.00055	-0.053335182
10.00045	-0.053325332
10.00055	-0.053332361
10.00165	-0.053329559
10.00195	-0.053339504
10.002	-0.053336069
10.00225	-0.053326723
10.0025	-0.053341698
10.00215	-0.053338049
10.00145	-0.053330492
10.00125	-0.053333885
10.0014	-0.053340721
10.00155	-0.053328737
10.00155	-0.053333053
10.00125	-0.053332882
10.0016	-0.053337475
10.002	-0.053326252
10.00115	-0.053337154
10.00055	-0.053340116
10.00055	-0.053336362
10.0007	-0.053324848
10.0009	-0.053331533
10.0015	-0.053334025
10.0055	-0.053336102
10.01175	-0.053328226
10.017	-0.05333116
10.0214	-0.053333724
10.0233	-0.053334967
10.02285	-0.05333019
10.0226	-0.053336045
10.0218	-0.053337556
10.0188	-0.053327745
10.01575	-0.053330983
10.01205	-0.053331388
10.008	-0.053331193
10.0054	-0.053333901
10.0009	-0.053330886
9.99775	-0.053329444
9.9965	-0.053297766
9.9945	-0.053330633
9.99345	-0.053332784
9.9936	-0.053330916
9.9943	-0.053334177
9.9947	-0.053337697
9.995	-0.053329154
9.9955	-0.0533348
9.9966	-0.053333805
9.99755	-0.053337906
9.9984	-0.053331478
9.99925	-0.053339126
10.00015	-0.053337817
10.0008	-0.053330753
10.0009	-0.053332852
10.0013	-0.053335972
10.002	-0.053333377
10.0016	-0.053332604
10.00105	-0.053336381
10.00125	-0.053332913
10.00195	-0.053331523
10.0026	-0.053332191
10.0015	-0.053336449
10.0011	-0.053336852
10.0032	-0.053342877
10.0056	-0.053332215
10.0074	-0.053333716
10.00845	-0.053332431
10.00885	-0.053334091
10.0088	-0.053331593
10.0085	-0.053333091
10.008	-0.053339997
10.00675	-0.053325789
10.0052	-0.053332831
10.0036	-0.053333629
10.00265	-0.053337223
10.00165	-0.053320955
10.0001	-0.053333677
9.9986	-0.05333244
9.99745	-0.053338243
9.99705	-0.053329411
9.99635	-0.053331427
9.9958	-0.053337723
9.9961	-0.053332954
9.9968	-0.053326213
9.9972	-0.053329424
9.9971	-0.053340006
9.99775	-0.053324029
9.9984	-0.053335666
9.9989	-0.053334286
10.00005	-0.053330976
10.0009	-0.053335238
10.0015	-0.053341581
10.00155	-0.053326969
10.00145	-0.053330317
10.00155	-0.053329679
10.00125	-0.053334073
10.00115	-0.053330462
10.0012	-0.053335305
10.00095	-0.053334576
10.00075	-0.053321594
10.0005	-0.053333994
10.0001	-0.053334973
9.99985	-0.0533296
9.99995	-0.053339836
9.9997	-0.053331936
9.99985	-0.053326889
10.0003	-0.053340165
9.99995	-0.053329683
10.00005	-0.053334577
10.0001	-0.0533357
9.9997	-0.053336518
9.99925	-0.053333222
9.9993	-0.053337587
9.99995	-0.053327599
9.9998	-0.053333939
9.9992	-0.053335303
9.9997	-0.053331371
9.99975	-0.053337846
9.99975	-0.053330029
10.0001	-0.05334032
9.9992	-0.053327176
9.99965	-0.053340986
10.00045	-0.053331491
10.0004	-0.053331026
10.0007	-0.053340712
10.0005	-0.053325131
10.0006	-0.053332066
10.00065	-0.053335148
10.00025	-0.053335988
10.0004	-0.053330887
10.00065	-0.053337948
10.00105	-0.053342235
10.0006	-0.053333588
9.9998	-0.053320232
9.9994	-0.053331344
9.99935	-0.05333691
9.99955	-0.053336715
9.9994	-0.053335457
9.99985	-0.053334711
10.0004	-0.053330244
10.0001	-0.053335535
10.00015	-0.053334917
10.00045	-0.053333326
10.00005	-0.053334336
10.0003	-0.053338375
10.00045	-0.053336802
9.9997	-0.053331012
9.9995	-0.053332468
9.99965	-0.053334828
9.9997	-0.053340651
9.9998	-0.053333789
9.99915	-0.053334269
9.99815	-0.053332568
9.99775	-0.053334936
9.9982	-0.0533327
9.99895	-0.053341839
9.9991	-0.053328297
9.9994	-0.053341171
10	-0.053334935
10.0006	-0.053332326
10.00115	-0.053331445
10.00085	-0.053331677
10.00065	-0.0533342
10.00065	-0.053331589
10.0003	-0.053330284
10.00035	-0.053333437
10	-0.053333722
10.0004	-0.05333445
10.0005	-0.053334813
9.9993	-0.053336954
9.99855	-0.053327961
9.99895	-0.053341775
9.99935	-0.053323956
9.99935	-0.053334406
9.99905	-0.053333314
9.99865	-0.05333894
9.99965	-0.053324432
10.00035	-0.053329287
10.0006	-0.053334375
10.00045	-0.053332989
10.0004	-0.053332438
10.00135	-0.053339279
10.0017	-0.053328964
10.00105	-0.053332057
10.0004	-0.053336936
10.00105	-0.053327698
10.00105	-0.053333534
10	-0.053340069
10.00005	-0.053333293
10.0018	-0.053343443
10.0048	-0.053326064
10.0077	-0.053334938
10.0175	-0.053332104
10.03025	-0.053332084
10.0442	-0.053337178
10.06565	-0.05332972
10.09275	-0.053343228
10.12595	-0.053335375
10.1655	-0.053335412
10.21145	-0.053330723
10.2639	-0.053315677
10.30585	-0.053334608
10.3501	-0.053327554
10.41155	-0.0533311
10.4761	-0.053339021
10.5428	-0.053327314
10.613	-0.053332822
10.66745	-0.053330645
10.7181	-0.053330782
10.78365	-0.053333371
10.8318	-0.053334705
10.8963	-0.053335617
10.9738	-0.053329672
11.0294	-0.053334794
11.07005	-0.053331837
11.1107	-0.053338981
11.16285	-0.053328052
11.21605	-0.053333528
11.26855	-0.053333304
11.3087	-0.053338389
11.34905	-0.053332111
11.399	-0.053332871
11.44895	-0.053330653
11.49935	-0.053334379
11.5249	-0.053329024
11.5656	-0.053327956
11.6311	-0.053333018
11.6817	-0.053332633
11.73235	-0.053336629
11.76995	-0.053336485
11.8119	-0.053331103
11.8675	-0.053331387
11.9235	-0.053332396
11.9799	-0.053331266
12.03365	-0.05334183
12.074	-0.053330757
12.1147	-0.053336749
12.1691	-0.05332317
12.22335	-0.053331012
12.28075	-0.053336556
12.3273	-0.053320283
12.3697	-0.053327963
12.42155	-0.053329836
12.47375	-0.053334599
12.5265	-0.053322334
12.57885	-0.053334567
12.61865	-0.053320314
12.66195	-0.053326396
12.71805	-0.053335046
12.77145	-0.053322094
12.8114	-0.053333809
12.8545	-0.05333452
12.9109	-0.053320523
12.96405	-0.053339157
13.02075	-0.053328669
13.0768	-0.053327423
13.11545	-0.053328592
13.1539	-0.053334479
13.20585	-0.053311384
13.25755	-0.053328068
13.30955	-0.053336893
13.36255	-0.053314721
13.40605	-0.053325784
13.4524	-0.053327918
13.5085	-0.053326854
13.56185	-0.053327728
13.61535	-0.053329843
13.66895	-0.053330694
13.70925	-0.053321837
13.74925	-0.053324176
13.78895	-0.05333057
13.84495	-0.053329086
13.91185	-0.053315716
13.94795	-0.053321196
13.98485	-0.053333183
14.03675	-0.053321607
14.08895	-0.053320275
14.13985	-0.053322309
14.1905	-0.0533205
14.2278	-0.053319166
14.26865	-0.053319522
14.32335	-0.053327985
14.37605	-0.053312776
14.4291	-0.05332082
14.4827	-0.053322107
14.53685	-0.05332392
14.57765	-0.053322023
14.61865	-0.053314617
14.65965	-0.053322915
14.7168	-0.05332227
14.78805	-0.053321014
14.84105	-0.053318211
14.8794	-0.053325163
14.9194	-0.053311821
14.9733	-0.053315406
15.02745	-0.053326668
15.08065	-0.053312516
15.12075	-0.053320561
15.1652	-0.053312277
15.2265	-0.053316067
15.2846	-0.053314157
15.3389	-0.053317653
15.3934	-0.053318119
15.43445	-0.053317428
15.47505	-0.053309831
15.5293	-0.053322383
15.5702	-0.053310645
15.6273	-0.05330645
15.69665	-0.053309517
15.73605	-0.053319451
15.7734	-0.053314458
15.8243	-0.053300218
15.8775	-0.053309558
15.929	-0.053316376
15.98	-0.053313492
16.0313	-0.053306808
16.07325	-0.053308247
16.1194	-0.053308087
16.2036	-0.053302652
16.2856	-0.053303045
16.32725	-0.053309879
16.3972	-0.053314493
16.4811	-0.05329536
16.5368	-0.053308071
16.5957	-0.053308543
16.64015	-0.053308986
16.68265	-0.053316305
16.73755	-0.053297756
16.78875	-0.053309932
16.83905	-0.053302585
16.8894	-0.053309385
16.92715	-0.053294491
16.96495	-0.053303614
17.0156	-0.053299752
17.06615	-0.053300794
17.12045	-0.053304104
17.1752	-0.053301043
17.2142	-0.053297328
17.2567	-0.053298494
17.31245	-0.053304858
17.36555	-0.053295739
17.41905	-0.053302901
17.4727	-0.053299037
17.5132	-0.053303434
17.5536	-0.053291972
17.6073	-0.05330152
17.66445	-0.053298656
17.7212	-0.053293559
17.76035	-0.053306768
17.7989	-0.053289013
17.85095	-0.053292967
17.9036	-0.05329953
17.9583	-0.053291609
18.013	-0.053296046
18.0656	-0.053296954
18.1046	-0.053292682
18.1425	-0.053295422
18.1981	-0.053299663
18.25485	-0.053286226
18.3071	-0.053290974
18.34635	-0.053293577
18.38575	-0.053289855
18.4386	-0.053289186
18.49185	-0.053278674
18.5452	-0.053291605
18.59885	-0.053294545
18.65285	-0.053272002
18.70685	-0.053291377
18.74735	-0.053284788
18.7945	-0.053288506
18.8529	-0.053278266
18.9043	-0.053285737
18.9433	-0.053294796
18.98115	-0.053275077
19.0327	-0.053280368
19.083	-0.053279082
19.13325	-0.053280442
19.18585	-0.05327456
19.2385	-0.053277074
19.2909	-0.053284207
19.3301	-0.05329161
19.3728	-0.053270437
19.4293	-0.053280797
19.48295	-0.053273242
19.52355	-0.05328231
19.5675	-0.053266101
19.62495	-0.053270736
19.6791	-0.053275896
19.73315	-0.053271366
19.78745	-0.05327057
19.84195	-0.053275715
19.8962	-0.053263631
19.9367	-0.053273639
19.9639	-0.053268118
20.02075	-0.053272193
20.0896	-0.053255193
20.14135	-0.053267222
20.1807	-0.053272838
20.21945	-0.053268397
20.27035	-0.053259829
20.32265	-0.053263617
20.37855	-0.053263593
20.43285	-0.053261357
20.4855	-0.053261184
20.5263	-0.053260838
20.56555	-0.053258546
20.6216	-0.053260134
20.6787	-0.053257133
20.7328	-0.053256781
20.7735	-0.053257362
20.81395	-0.053263371
20.86825	-0.053251355
20.92255	-0.053255506
20.9763	-0.053254548
21.03005	-0.053259738
21.08405	-0.053255624
21.12785	-0.053251748
21.17155	-0.053243827
21.2253	-0.053257197
21.28185	-0.053240349
21.33775	-0.053246656
21.37585	-0.053243977
21.41425	-0.05324715
21.46645	-0.053237845
21.5171	-0.05324498
21.56795	-0.053245182
21.6201	-0.053251749
21.6725	-0.053235483
21.7246	-0.053239658
21.76225	-0.053240703
21.8012	-0.053240382
21.8541	-0.053245716
21.90985	-0.053231045
21.9565	-0.05322329
21.9998	-0.053236086
22.05335	-0.053244793
22.1072	-0.053229343
22.16105	-0.053235213
22.2151	-0.053218689
22.269	-0.053237371
22.32275	-0.05322667
22.36315	-0.053231253
22.4035	-0.053235878
22.4572	-0.053219376
22.51075	-0.05322481
22.5642	-0.053225136
22.6042	-0.053221693
22.6471	-0.05321999
22.703	-0.053218457
22.75545	-0.053224509
22.81065	-0.053217464
22.8643	-0.053215214
22.9162	-0.053214772
22.9557	-0.053220605
22.99405	-0.053224668
23.0462	-0.053201752
23.09715	-0.053212683
23.1495	-0.053210623
23.2036	-0.05321111
23.25745	-0.053209698
23.2974	-0.053209013
23.3404	-0.053217664
23.3972	-0.053212068
23.4511	-0.053201061
23.50525	-0.053205479
23.55925	-0.053211041
23.5999	-0.053200252
23.64065	-0.053201266
23.6946	-0.05320179
23.75175	-0.053201111
23.809	-0.053200135
23.86265	-0.053204486
23.9028	-0.053186995
23.9431	-0.053204085
23.99655	-0.053191833
24.03655	-0.053193475
24.09295	-0.05318892
24.1626	-0.053190954
24.20195	-0.053194609
24.24005	-0.053194019
24.2909	-0.053183589
24.3416	-0.053189989
24.3936	-0.053178676
24.44515	-0.053185275
24.49705	-0.053182389
24.54965	-0.053184098
24.59135	-0.053187516
24.6335	-0.053176344
24.6873	-0.053178486
24.7409	-0.053179799
24.79225	-0.053174195
24.8311	-0.053176796
24.8751	-0.053173041
24.9332	-0.053180161
24.98785	-0.053163778
25.0424	-0.053168328
25.097	-0.053163742
25.15175	-0.053166376
25.1929	-0.053170379
25.2339	-0.05316899
25.2883	-0.053157265
25.34255	-0.053159736
25.3966	-0.053157586
25.45025	-0.053159047
25.51715	-0.053152352
25.58745	-0.053153208
25.6309	-0.053155436
25.6881	-0.053152427
25.7572	-0.053137471
25.8202	-0.053142652
25.8824	-0.053145028
25.93515	-0.053145026
25.9874	-0.053146501
26.03665	-0.053142789
26.08725	-0.053148436
26.13905	-0.053135284
26.1782	-0.053143309
26.21715	-0.05313319
26.26975	-0.053129812
26.32255	-0.053132792
26.37585	-0.053130436
26.41615	-0.053128024
26.46255	-0.053136521
26.5226	-0.053126249
26.57705	-0.053125222
26.63115	-0.053123244
26.68515	-0.053123759
26.7395	-0.053122942
26.77995	-0.053119645
26.82045	-0.053118657
26.87465	-0.053123846
26.9287	-0.053106534
26.9824	-0.053116375
27.0361	-0.053112932
27.08985	-0.05311312
27.1299	-0.053107135
27.16985	-0.053111296
27.22285	-0.053105828
27.2758	-0.053102473
27.3331	-0.053104529
27.38715	-0.053099307
27.42495	-0.053108549
27.4659	-0.053106394
27.52035	-0.053091523
27.57495	-0.053094893
27.6267	-0.053098146
27.67755	-0.053107647
27.71655	-0.053088071
27.7571	-0.053087922
27.8089	-0.05308671
27.86175	-0.053086433
27.9153	-0.053086822
27.96725	-0.053086767
28.02225	-0.053078866
28.0761	-0.053076465
28.11485	-0.053088104
28.1581	-0.053070146
28.2154	-0.053073051
28.2698	-0.053070605
28.3241	-0.053082766
28.3648	-0.053064487
28.4091	-0.05306882
28.4668	-0.053063787
28.52085	-0.053070539
28.57505	-0.053054898
28.62895	-0.0530629
28.69605	-0.053054486
28.7632	-0.053059198
28.8169	-0.053051062
28.87035	-0.053052304
28.92385	-0.05304938
28.9773	-0.053046404
29.0172	-0.053043295
29.06095	-0.053051083
29.1187	-0.053040959
29.1699	-0.053040302
29.2192	-0.053042428
29.2731	-0.053035373
29.31485	-0.053038528
29.3554	-0.053044875
29.40695	-0.053029316
29.4581	-0.053027065
29.51085	-0.053023294
29.5628	-0.05302704
29.6132	-0.053022614
29.66455	-0.053023435
29.70665	-0.053015897
29.74795	-0.053019877
29.80045	-0.05301647
29.85365	-0.053026476
29.90935	-0.053007482
29.94985	-0.053014487
29.99215	-0.052998749
30.05305	-0.053007702
30.11045	-0.053013578
30.16455	-0.053006147
30.21865	-0.052994742
30.2727	-0.053008895
30.3133	-0.052992468
30.35395	-0.052995603
30.40755	-0.05299572
30.46105	-0.052991947
30.51475	-0.052993194
30.568	-0.052989164
30.62155	-0.052984654
30.66165	-0.052987101
30.7014	-0.052984736
30.75465	-0.05297699
30.80785	-0.052975511
30.86095	-0.052966646
30.90055	-0.052972609
30.9436	-0.052970606
31.003	-0.052971892
31.05975	-0.052965713
31.1108	-0.05296912
31.1606	-0.052958501
31.21285	-0.052967606
31.2516	-0.052954458
31.2891	-0.052958602
31.34015	-0.052958259
31.39195	-0.052944595
31.4463	-0.052949904
31.49915	-0.05294631
31.5514	-0.052949098
31.6028	-0.0529413
31.6545	-0.052949721
31.697	-0.052941429
31.737	-0.052933996
31.7911	-0.052931837
31.8486	-0.052932339
31.9048	-0.052932953
31.94855	-0.052921397
31.992	-0.052920666
32.046	-0.05292318
32.1003	-0.052929819
32.15405	-0.052915457
32.2078	-0.05292251
32.2482	-0.052908309
32.28875	-0.052919481
32.34245	-0.052907255
32.39575	-0.05290649
32.44945	-0.052911517
32.50295	-0.052908893
32.5562	-0.052896403
32.6095	-0.052907147
32.64965	-0.052892816
32.6897	-0.052894745
32.74265	-0.052904464
32.7956	-0.052885849
32.83555	-0.052892029
32.89175	-0.052881425
32.9477	-0.052886844
32.98585	-0.052879084
33.04185	-0.052878453
33.09635	-0.052873464
33.1479	-0.052880929
33.2015	-0.052871932
33.2398	-0.052867899
33.2782	-0.05286804
33.32995	-0.052865754
33.38165	-0.05286452
33.4328	-0.052864458
33.4852	-0.052858865
33.53925	-0.052857789
33.5921	-0.052860367
33.63035	-0.052846765
33.6715	-0.052850434
33.72645	-0.052843975
33.77985	-0.052850635
33.8206	-0.052835998
33.87915	-0.052837909
33.93755	-0.052844038
33.9782	-0.052833916
34.0321	-0.052831454
34.08605	-0.052838668
34.143	-0.052826637
34.19955	-0.052826238
34.2397	-0.052821015
34.27995	-0.052830573
34.3334	-0.052810743
34.38675	-0.052810276
34.4399	-0.05281632
34.49285	-0.052815164
34.5459	-0.052807559
34.5993	-0.052801469
34.6393	-0.052803651
34.67915	-0.052801471
34.7322	-0.05280373
34.785	-0.052789883
34.83815	-0.052789637
34.8914	-0.052788366
34.9312	-0.052791715
34.97405	-0.052772865
35.0305	-0.052782217
35.08265	-0.052779502
35.13495	-0.05278197
35.18715	-0.052774676
35.2393	-0.052771332
35.2787	-0.05277288
35.3184	-0.05277315
35.3726	-0.052764528
35.42765	-0.0527615
35.48085	-0.052764422
35.53395	-0.052749016
35.58855	-0.052764208
35.6266	-0.052745158
35.66405	-0.052740619
35.71645	-0.052748206
35.7731	-0.05274151
35.82945	-0.052746884
35.88415	-0.052734495
35.9239	-0.052735754
35.96765	-0.05273488
36.02775	-0.05272799
36.08325	-0.052735863
36.13885	-0.052722564
36.1943	-0.052714467
36.24975	-0.052719916
36.3052	-0.05271409
36.3468	-0.052714165
36.38815	-0.052716334
36.4465	-0.052705757
36.5042	-0.052701249
36.55775	-0.052713623
36.61135	-0.052689966
36.65185	-0.052693741
36.69165	-0.052693343
36.74425	-0.05268899
36.797	-0.0526933
36.84965	-0.052684768
36.90165	-0.052684735
36.95255	-0.052686818
36.9904	-0.052672989
37.02815	-0.052673602
37.07815	-0.052674494
37.13185	-0.052664766
37.18595	-0.05266766
37.2344	-0.052669243
37.2702	-0.052654775
37.30955	-0.052660888
37.3594	-0.052655632
37.4084	-0.052651405
37.458	-0.052651279
37.5103	-0.052646744
37.56365	-0.052644679
37.615	-0.052638072
37.6547	-0.052635403
37.6971	-0.052630301
37.75465	-0.052630646
37.80715	-0.052633088
37.86215	-0.052628299
37.9185	-0.052615319
37.95755	-0.052618823
37.99785	-0.052613993
38.05355	-0.052617275
38.1106	-0.052604573
38.1666	-0.052612793
38.22415	-0.052597138
38.2675	-0.052608891
38.3085	-0.052600152
38.36265	-0.052590965
38.41665	-0.052590873
38.4707	-0.05258479
38.5244	-0.052589291
38.57805	-0.05258877
38.6314	-0.052581406
38.67105	-0.052574885
38.71095	-0.052560192
38.76415	-0.052578124
38.8172	-0.052569564
38.86995	-0.0525645
38.9257	-0.052557336
38.96865	-0.052552863
39.0086	-0.052555348
39.0615	-0.052549083
39.11415	-0.052545774
39.1668	-0.052552432
39.21975	-0.052540915
39.2728	-0.052540961
39.32555	-0.052531441
39.3653	-0.052538107
39.40535	-0.052531535
39.46225	-0.052527362
39.51755	-0.052525199
39.56985	-0.052525146
39.623	-0.052518613
39.66065	-0.052518462
39.6976	-0.052502735
39.752	-0.052513139
39.80555	-0.052511567
39.85605	-0.052491817
39.9089	-0.052495265
39.95885	-0.052494131
40.0099	-0.052487458
40.0504	-0.052484268
40.0912	-0.05248787
40.144	-0.052476614
40.19775	-0.052475858
40.2526	-0.052472638
40.30855	-0.052474399
40.3508	-0.052467111
40.39115	-0.052459868
40.4477	-0.052458635
40.50105	-0.052454208
40.5553	-0.052456819
40.61285	-0.052450655
40.6547	-0.052443627
40.6949	-0.052449282
40.7485	-0.052434973
40.80215	-0.052433427
40.85545	-0.052434214
40.90855	-0.052430642
40.96195	-0.052430784
41.0154	-0.052425089
41.0555	-0.052422959
41.09545	-0.052418089
41.14825	-0.052415018
41.20145	-0.052412448
41.2552	-0.052402724
41.30865	-0.052402379
41.3615	-0.052397742
41.4146	-0.052390541
41.45465	-0.052394055
41.4945	-0.052388131
41.5476	-0.052397191
41.6006	-0.05238033
41.6538	-0.052373302
41.71055	-0.052373199
41.7542	-0.052373335
41.79395	-0.052371095
41.8469	-0.052364121
41.9023	-0.052360189
41.9578	-0.052360254
42.01315	-0.05235332
42.05345	-0.052349002
42.0882	-0.052342681
42.13995	-0.052350373
42.1926	-0.052328278
42.2454	-0.052327541
42.2985	-0.05233532
42.3481	-0.052324814
42.38635	-0.052319644
42.42675	-0.05231903
42.48025	-0.052316179
42.5336	-0.052320973
42.58575	-0.052310541
42.6367	-0.052311006
42.69225	-0.052297118
42.7474	-0.052295032
42.7992	-0.052303207
42.83865	-0.052284504
42.87845	-0.052285378
42.9316	-0.052281561
42.9862	-0.052277934
43.04115	-0.052275264
43.0807	-0.052271891
43.12435	-0.052268934
43.1864	-0.052263235
43.24365	-0.052271714
43.2971	-0.052253466
43.351	-0.052252352
43.4048	-0.052250026
43.44475	-0.052251596
43.48455	-0.052243724
43.5379	-0.052238333
43.5913	-0.052236775
43.6447	-0.052229618
43.6978	-0.05222609
43.75075	-0.052231037
43.80375	-0.052221655
43.8437	-0.052212434
43.8836	-0.052211845
43.9365	-0.05220568
43.9898	-0.052203634
44.0433	-0.052201763
44.09645	-0.052198246
44.14945	-0.052191652
44.18925	-0.052190007
44.22895	-0.052185251
44.28205	-0.052182984
44.33505	-0.052177741
44.38815	-0.052173877
44.44165	-0.052170889
44.4684	-0.052168215
44.5136	-0.052169266
44.5831	-0.05215577
44.63745	-0.052155955
44.69105	-0.052150727
44.7421	-0.052144092
44.78155	-0.052141033
44.82	-0.052142154
44.8725	-0.05213003
44.92425	-0.052136777
44.9764	-0.052123815
45.03005	-0.052123765
45.08405	-0.052115596
45.139	-0.05211093
45.1913	-0.052114766
45.23035	-0.052101547
45.2695	-0.052103808
45.319	-0.052092264
45.37305	-0.052091675
45.4286	-0.052087973
45.48175	-0.052085143
45.53615	-0.05208621
45.59005	-0.052073509
45.63085	-0.052071322
45.67035	-0.052071982
45.722	-0.052062665
45.78055	-0.052058302
45.83885	-0.05205623
45.89255	-0.052047858
45.93295	-0.052020035
45.97325	-0.05204077
46.0264	-0.052035433
46.0793	-0.052034777
46.13275	-0.052041352
46.18615	-0.052014116
46.2294	-0.052018664
46.2726	-0.052016864
46.3258	-0.052011028
46.3793	-0.052007567
46.4324	-0.052001576
46.4855	-0.051994607
46.53855	-0.051995723
46.57835	-0.051993096
46.6184	-0.051990346
46.67165	-0.051978206
46.7248	-0.051976743
46.77835	-0.051969366
46.83195	-0.05196591
46.88505	-0.051971963
46.9384	-0.051954766
46.9917	-0.051948419
47.0316	-0.051956541
47.07145	-0.051949017
47.12465	-0.051936516
47.178	-0.051934733
47.2354	-0.051937453
47.2913	-0.051929707
47.3281	-0.05191238
47.367	-0.05191887
47.4209	-0.051923452
47.4723	-0.051902782
47.5258	-0.05190849
47.5797	-0.051904823
47.6282	-0.051889477
47.6794	-0.051895491
47.72255	-0.05188143
47.7646	-0.051887693
47.8178	-0.051873509
47.87055	-0.051866708
47.9228	-0.051869379
47.96135	-0.051868617
48.00115	-0.051854979
48.05745	-0.051858926
48.1118	-0.051851215
48.1654	-0.051845344
48.2185	-0.051840183
48.2717	-0.051835049
48.32795	-0.05183124
48.37035	-0.051827798
48.41135	-0.051825611
48.4634	-0.051811934
48.51555	-0.051817186
48.55555	-0.051811157
48.61175	-0.051802025
48.6815	-0.051798371
48.72175	-0.051790303
48.7617	-0.051786414
48.8152	-0.051787412
48.86895	-0.051784204
48.92235	-0.051770944
48.9755	-0.051773754
49.0289	-0.05176197
49.082	-0.051781624
49.122	-0.051755498
49.162	-0.051743281
49.215	-0.051743048
49.2682	-0.051740929
49.3216	-0.051733702
49.375	-0.051728961
49.41485	-0.051723395
49.458	-0.051718933
49.51445	-0.051721576
49.5674	-0.051714923
49.6208	-0.051695803
49.67425	-0.05170733
49.7274	-0.051692391
49.76745	-0.051684694
49.8071	-0.051687628
49.86035	-0.05168627
49.91355	-0.051672251
49.96665	-0.051672741
50.0203	-0.051662593
50.07375	-0.051665808
50.1004	-0.051649156
50.1423	-0.051648035
50.2116	-0.051644518
50.26525	-0.051640101
50.3184	-0.051634962
50.3674	-0.051628604
50.4177	-0.05162594
50.47265	-0.051620193
50.51185	-0.051624918
50.5514	-0.051607046
50.60385	-0.051611789
50.6561	-0.051595488
50.70875	-0.051598407
50.76055	-0.051591181
50.8164	-0.051590861
50.85515	-0.051580591
50.8915	-0.05157651
50.94545	-0.051571323
50.9983	-0.051563338
51.05435	-0.051559682
51.1015	-0.051552965
51.1484	-0.051547033
51.2019	-0.051542298
51.2552	-0.051542827
51.3073	-0.051532672
51.35955	-0.051533501
51.4141	-0.051520357
51.45235	-0.051523875
51.4939	-0.051507014
51.55245	-0.051502065
51.6093	-0.05149929
51.66295	-0.051495714
51.71675	-0.051485391
51.75705	-0.051492337
51.79705	-0.051474759
51.8506	-0.051478682
51.90435	-0.051470289
51.9577	-0.051460509
52.0109	-0.051457678
52.064	-0.051454484
52.11725	-0.051442268
52.1573	-0.051437495
52.1971	-0.051437275
52.25035	-0.051427808
52.30345	-0.051430085
52.35605	-0.051411955
52.4094	-0.051411611
52.46285	-0.051409322
52.5157	-0.051406815
52.5557	-0.051392079
52.59565	-0.051395452
52.64885	-0.051380443
52.70215	-0.051378437
52.7552	-0.051372409
52.8085	-0.051365962
52.84835	-0.051353237
52.8913	-0.051354217
52.948	-0.051347046
53.00165	-0.051342184
53.05515	-0.051334565
53.0952	-0.051328776
53.13895	-0.051328646
53.1956	-0.051319844
53.2476	-0.051311492
53.2997	-0.051308424
53.3509	-0.051294991
53.4041	-0.051301756
53.45455	-0.051280642
53.50475	-0.051279654
53.5454	-0.051279338
53.58485	-0.051273708
53.6391	-0.051254743
53.6915	-0.051261958
53.74275	-0.051244681
53.79505	-0.051239368
53.84805	-0.051241122
53.90115	-0.05123127
53.93875	-0.051223784
53.97935	-0.051219241
54.03595	-0.051211018
54.08905	-0.051209263
54.14515	-0.051197986
54.2033	-0.051198851
54.24355	-0.051181305
54.2839	-0.051184611
54.3384	-0.051161178
54.39235	-0.05116282
54.4464	-0.05116453
54.4962	-0.051154664
54.5481	-0.051148493
54.5908	-0.051150416
54.63545	-0.051136502
54.69655	-0.051121457
54.7536	-0.051118609
54.80665	-0.051116501
54.84605	-0.051108329
54.88615	-0.051114846
54.9398	-0.051096116
54.9929	-0.051087215
55.046	-0.051081698
55.0993	-0.051079849
55.1527	-0.051065914
55.2057	-0.051059914
55.24555	-0.051053963
55.2857	-0.051055104
55.33875	-0.051042618
55.3918	-0.051035445
55.4452	-0.051025692
55.4983	-0.051022372
55.55135	-0.051020668
55.6048	-0.051002705
55.6444	-0.050999846
55.68425	-0.051003181
55.73775	-0.050985235
55.79085	-0.050976463
55.8441	-0.050975161
55.89735	-0.050971947
55.951	-0.05095911
56.0046	-0.050953548
56.04445	-0.050938688
56.111	-0.050931382
56.19095	-0.050920292
56.24455	-0.05092305
56.2848	-0.050907588
56.32575	-0.050922683
56.38065	-0.050896697
56.43775	-0.050886501
56.4916	-0.050877198
56.5432	-0.050879215
56.5942	-0.050858266
56.63555	-0.050855989
56.6793	-0.050846275
56.7302	-0.050840603
56.78085	-0.050832475
56.83355	-0.050826668
56.885	-0.050818211
56.93825	-0.050813538
56.99125	-0.050801868
57.02765	-0.050807901
57.0675	-0.050783505
57.1282	-0.050777705
57.1849	-0.050774113
57.23525	-0.050763481
57.2764	-0.050763246
57.321	-0.050750339
57.37355	-0.05074127
57.42625	-0.050731835
57.4804	-0.050727356
57.5322	-0.050718041
57.5889	-0.050711142
57.6443	-0.050703144
57.696	-0.050702926
57.73355	-0.050687648
57.77395	-0.050688168
57.82965	-0.050675422
57.8825	-0.050664949
57.93705	-0.050657769
57.99355	-0.050651076
58.0339	-0.050640819
58.07405	-0.050638473
58.1279	-0.05062686
58.1817	-0.050614806
58.2351	-0.050606706
58.28855	-0.050606312
58.34225	-0.050591221
58.39585	-0.050601182
58.43575	-0.0505751
58.4757	-0.050567134
58.5321	-0.05055916
58.5888	-0.050549623
58.6423	-0.050546351
58.682	-0.050538312
58.7218	-0.050527399
58.77535	-0.050521451
58.8284	-0.050511976
58.8811	-0.050504982
58.93435	-0.050500327
58.98815	-0.05048444
59.0417	-0.050476916
59.08135	-0.050478588
59.1215	-0.050456211
59.1746	-0.050452825
59.22785	-0.050437542
59.28125	-0.05043515
59.33445	-0.050427115
59.38785	-0.050419279
59.44085	-0.05042198
59.48115	-0.05039559
59.548	-0.050385025
59.62755	-0.050371068
59.66765	-0.05035855
59.72615	-0.050360015
59.7817	-0.050351053
59.81905	-0.050351077
59.8719	-0.050332948
59.9242	-0.050326159
59.97445	-0.050316332
60.0265	-0.050307172
60.079	-0.050289242
60.13015	-0.050293259
60.17355	-0.050285549
60.21845	-0.050272738
60.2666	-0.050260936
60.3153	-0.050255857
60.3733	-0.050250658
60.42665	-0.050233005
60.4654	-0.050228142
60.50595	-0.050220293
60.55625	-0.050218427
60.61565	-0.050197727
60.67405	-0.050193699
60.7246	-0.050184367
60.768	-0.050176975
60.8111	-0.050170011
60.86475	-0.050158956
60.91815	-0.050144229
60.972	-0.050136443
61.0248	-0.050129296
61.07915	-0.050128023
61.1347	-0.050111042
61.17345	-0.050091599
61.21375	-0.050090913
61.26585	-0.050079396
61.3177	-0.050074367
61.37555	-0.05006601
61.43155	-0.050056681
61.4712	-0.050048164
61.51125	-0.050038557
61.56425	-0.050032801
61.6175	-0.050019805
61.67075	-0.050004578
61.7237	-0.04999833
61.77695	-0.049992213
61.8303	-0.049981043
61.87025	-0.04997045
61.91025	-0.049960594
61.96375	-0.049954531
62.0172	-0.049943088
62.0704	-0.049932115
62.1235	-0.049919898
62.17715	-0.049913877
62.23105	-0.049911872
62.2707	-0.049889484
62.31065	-0.049882653
62.36415	-0.049867541
62.417	-0.049869095
62.4703	-0.049850321
62.5239	-0.049847921
62.57715	-0.049832932
62.6302	-0.049824995
62.67355	-0.049815856
62.71705	-0.049805017
62.77065	-0.049793385
62.8241	-0.049784526
62.87735	-0.049780372
62.93065	-0.049760611
62.9701	-0.049762134
63.0104	-0.049750411
63.064	-0.049727731
63.117	-0.049728097
63.17005	-0.049713185
63.1963	-0.049702181
63.2397	-0.049690346
63.31385	-0.049685023
63.3668	-0.049675626
63.4161	-0.049661802
63.4689	-0.049644146
63.5195	-0.049636301
63.55745	-0.049643946
63.59775	-0.04961749
63.6489	-0.049604835
63.699	-0.049598321
63.74995	-0.049585854
63.8013	-0.049578225
63.8527	-0.049567126
63.9046	-0.049557186
63.946	-0.049548214
63.98935	-0.049540009
64.04335	-0.049522047
64.09285	-0.049514939
64.1481	-0.049498673
64.2046	-0.049486853
64.25545	-0.049476266
64.3075	-0.049466001
64.3505	-0.049456554
64.39165	-0.049444614
64.4489	-0.049441102
64.5028	-0.049427604
64.551	-0.049412548
64.6058	-0.049398918
64.6626	-0.049390811
64.7164	-0.049379596
64.7537	-0.049372628
64.7918	-0.049357629
64.85045	-0.049349305
64.91035	-0.049334089
64.9521	-0.04932982
64.9936	-0.049317267
65.04765	-0.049300113
65.10095	-0.049301115
65.1536	-0.049275938
65.2063	-0.049257042
65.25945	-0.04925369
65.31245	-0.049239149
65.3524	-0.0492353
65.39295	-0.049219432
65.44605	-0.049206992
65.49905	-0.04919209
65.55255	-0.049185912
65.60545	-0.049177925
65.65885	-0.04915795
65.71225	-0.049147931
65.75195	-0.049135891
65.7925	-0.049124167
65.84585	-0.049111402
65.89905	-0.049101294
65.9528	-0.049086287
66.0061	-0.04907886
66.05925	-0.049067103
66.1124	-0.049045306
66.1524	-0.049039338
66.1924	-0.049019209
66.24895	-0.049017517
66.30605	-0.048997418
66.35985	-0.048993923
66.4131	-0.04896697
66.4527	-0.048959737
66.4926	-0.048956065
66.5461	-0.048936457
66.5994	-0.048934199
66.6525	-0.048907887
66.7056	-0.04889964
66.75895	-0.048888839
66.8124	-0.048874377
66.86605	-0.048861047
66.9059	-0.048852847
66.93195	-0.048831903
66.98935	-0.048823806
67.0515	-0.048813427
67.09165	-0.04879609
67.14275	-0.048771723
67.1962	-0.048773358
67.24545	-0.048755742
67.2952	-0.048741665
67.3509	-0.048723607
67.38975	-0.048719516
67.4275	-0.048705688
67.4822	-0.048688319
67.5334	-0.048683954
67.58625	-0.048658924
67.6388	-0.048644978
67.6906	-0.048634169
67.74725	-0.048618639
67.7889	-0.048609678
67.8274	-0.048592482
67.88185	-0.048578388
67.9344	-0.048569836
67.9866	-0.04854599
68.0409	-0.048536866
68.09605	-0.04852198
68.14765	-0.048513086
68.1861	-0.048496993
68.227	-0.048477241
68.28085	-0.048466903
68.33435	-0.048455193
68.3883	-0.048442142
68.4411	-0.048423846
68.49355	-0.048413051
68.55015	-0.048398312
68.6048	-0.048378906
68.6449	-0.048365713
68.68425	-0.048353903
68.73745	-0.048329459
68.78095	-0.048331827
68.83475	-0.048306037
68.90075	-0.048303258
68.94085	-0.04827775
68.9808	-0.048264137
69.0343	-0.048251446
69.0873	-0.048229413
69.14055	-0.048220857
69.19405	-0.048192387
69.2345	-0.048188484
69.2779	-0.048166243
69.33465	-0.048157246
69.3881	-0.048136162
69.44465	-0.048129722
69.5016	-0.048108645
69.5419	-0.048091409
69.58165	-0.048084522
69.63505	-0.048063801
69.68855	-0.048046296
69.7417	-0.048033939
69.79505	-0.048018193
69.84825	-0.047999525
69.9013	-0.047995001
69.94125	-0.047957007
69.98115	-0.047955443
70.03435	-0.04793921
70.0878	-0.047917903
70.1411	-0.047903779
70.1942	-0.0478805
70.2475	-0.04787311
70.3008	-0.047856266
70.3406	-0.047836975
70.3808	-0.047822957
70.4346	-0.047805138
70.4877	-0.047792144
70.54095	-0.047772491
70.59485	-0.047757047
70.6479	-0.047741345
70.6877	-0.047721737
70.72775	-0.04770455
70.7808	-0.047687199
70.8344	-0.047668078
70.87495	-0.047651466
70.93265	-0.047639912
70.99895	-0.047615501
71.03625	-0.047603334
71.07725	-0.04758303
71.12855	-0.047561332
71.18115	-0.047545559
71.23385	-0.047529375
71.28415	-0.047513277
71.3378	-0.047499731
71.3791	-0.047474878
71.4155	-0.047458495
71.4635	-0.047450752
71.51655	-0.047419989
71.57255	-0.047405185
71.62905	-0.047390896
71.68735	-0.047368315
71.7286	-0.047351788
71.76735	-0.047328062
71.82285	-0.047315747
71.87555	-0.047289174
71.92665	-0.047280677
71.98445	-0.047258768
72.0369	-0.047232057
72.08735	-0.047248293
72.1294	-0.047202772
72.16985	-0.047201094
72.22465	-0.047164612
72.2808	-0.047144237
72.3353	-0.047129497
72.3907	-0.047105616
72.43395	-0.047084244
72.47345	-0.047065749
72.5244	-0.047053947
72.5771	-0.047032117
72.62945	-0.047009096
72.6836	-0.046990698
72.73695	-0.046975728
72.77535	-0.046944948
72.8151	-0.046930208
72.86865	-0.046909302
72.9263	-0.0468958
72.9834	-0.046863218
73.03685	-0.046857385
73.0765	-0.046822944
73.11665	-0.046808516
73.17025	-0.046786595
73.2232	-0.046768413
73.27635	-0.046745121
73.3307	-0.046733377
73.3844	-0.046706103
73.43685	-0.04668541
73.4767	-0.046667499
73.51695	-0.046634604
73.5706	-0.046621367
73.62395	-0.046607027
73.67665	-0.046571293
73.72975	-0.046560367
73.7832	-0.046529092
73.8366	-0.046514786
73.8768	-0.04649418
73.9169	-0.046468201
73.9702	-0.046447954
74.0231	-0.046435677
74.07635	-0.046399368
74.1301	-0.046381173
74.17005	-0.046359976
74.21335	-0.04633348
74.27025	-0.046311133
74.3234	-0.046290186
74.37635	-0.046269738
74.4295	-0.046253448
74.4828	-0.046213872
74.53595	-0.046207891
74.5757	-0.04617595
74.6158	-0.046151865
74.6694	-0.046127928
74.7225	-0.046107895
74.77605	-0.046086169
74.82955	-0.046061112
74.88285	-0.046039766
74.9364	-0.046015588
74.97665	-0.045991174
75.0166	-0.045967681
75.0707	-0.045943146
75.12745	-0.045923217
75.1826	-0.045890934
75.23655	-0.045872546
75.2776	-0.045846802
75.34515	-0.045801232
75.42445	-0.04577154
75.47435	-0.045743749
75.52735	-0.045723082
75.56385	-0.04569524
75.60215	-0.045674563
75.65795	-0.045645786
75.70555	-0.045623471
75.75755	-0.045597292
75.81485	-0.045580177
75.86695	-0.045550707
75.9213	-0.045513002
75.96255	-0.045499708
76.00035	-0.045461799
76.0549	-0.045447822
76.1082	-0.04540909
76.162	-0.045389229
76.2141	-0.045367978
76.2654	-0.045336426
76.3238	-0.045309767
76.36675	-0.045288293
76.4031	-0.045245904
76.4555	-0.045230277
76.51375	-0.045203964
76.56625	-0.04517923
76.6215	-0.04514666
76.667	-0.045110582
76.7063	-0.045089495
76.7586	-0.045060944
76.81455	-0.045026084
76.86745	-0.045006844
76.91635	-0.044977322
76.97025	-0.044960391
77.0274	-0.044925588
77.0679	-0.044887403
77.10615	-0.044861828
77.1623	-0.044831993
77.21895	-0.044807986
77.2731	-0.044780915
77.3131	-0.044748484
77.3522	-0.044713401
77.40515	-0.04469041
77.45865	-0.044653435
77.51155	-0.044623992
77.5647	-0.04459267
77.6183	-0.04455861
77.6713	-0.04453613
77.7115	-0.044506093
77.752	-0.044479763
77.80565	-0.044447956
77.85865	-0.044412251
77.91135	-0.044385606
77.96445	-0.044354827
78.0181	-0.044329335
78.0719	-0.044298874
78.1254	-0.0442505
78.1655	-0.044232934
78.2051	-0.044188859
78.2581	-0.044161056
78.31185	-0.044129651
78.369	-0.044090544
78.4253	-0.044062975
78.46495	-0.04402971
78.50525	-0.043992385
78.5585	-0.043960013
78.638	-0.043903281
78.7179	-0.043864501
78.77135	-0.043832293
78.82495	-0.043802512
78.8651	-0.043762414
78.90515	-0.043729055
78.95835	-0.043690486
79.01185	-0.043664573
79.0652	-0.043616287
79.118	-0.043591794
79.17145	-0.043575239
79.2253	-0.04351417
79.26535	-0.043476997
79.30845	-0.043445755
79.36525	-0.043413195
79.40515	-0.043371043
79.45275	-0.043347954
79.5091	-0.043295686
79.55675	-0.043265283
79.60805	-0.043229149
79.66125	-0.043192361
79.70995	-0.043154362
79.7587	-0.043109298
79.7988	-0.043074788
79.8408	-0.043046767
79.89385	-0.042994206
79.94465	-0.042953823
79.99685	-0.042923511
80.0473	-0.042882559
80.101	-0.042849802
80.1566	-0.042802303
80.19985	-0.042769009
80.239	-0.042726717
80.2911	-0.042681745
80.34555	-0.042643602
80.3973	-0.042602064
80.45095	-0.042572043
80.5079	-0.042515661
80.56585	-0.042484125
80.61965	-0.042434377
80.6587	-0.042404825
80.6964	-0.042356116
80.7471	-0.042313785
80.8007	-0.042280871
80.8525	-0.042233923
80.909	-0.042184064
80.96975	-0.042151789
81.00815	-0.042103918
81.04285	-0.042059108
81.0935	-0.042019762
81.1461	-0.041977268
81.202	-0.041934388
81.2547	-0.041881844
81.30795	-0.041837359
81.35035	-0.041789423
81.3937	-0.041752146
81.4484	-0.041701314
81.5008	-0.041658533
81.55235	-0.041618965
81.59165	-0.04156564
81.63755	-0.041519586
81.69535	-0.041469721
81.7496	-0.041425407
81.80665	-0.041379512
81.8632	-0.041330677
81.91625	-0.041281996
81.9566	-0.041237629
81.99685	-0.041188668
82.0496	-0.041130968
82.1031	-0.041087351
82.15645	-0.041037184
82.20915	-0.040981882
82.2622	-0.0409392
82.30225	-0.040888439
82.34205	-0.04084194
82.3949	-0.040787299
82.44775	-0.04073109
82.50115	-0.040677052
82.5546	-0.040640217
82.60755	-0.040573647
82.6612	-0.040520607
82.7019	-0.040471677
82.7413	-0.040418602
82.79405	-0.040359405
82.8475	-0.040303967
82.90095	-0.040254207
82.9543	-0.040199886
83.0067	-0.040146786
83.05915	-0.040092921
83.1128	-0.040025983
83.1538	-0.039981957
83.19455	-0.039923078
83.2477	-0.039871998
83.3009	-0.039806977
83.3544	-0.039748551
83.4073	-0.039687441
83.4606	-0.039634754
83.50115	-0.039571856
83.5415	-0.039510137
83.59545	-0.039458044
83.64905	-0.03939522
83.70205	-0.039326889
83.7552	-0.039271346
83.8087	-0.039213966
83.86105	-0.039149583
83.90075	-0.039082945
83.9557	-0.038961018
84.04345	-0.038897899
84.11395	-0.038835305
84.16495	-0.03877479
84.20885	-0.038702318
84.24685	-0.038647284
84.29525	-0.038577104
84.3517	-0.038504826
84.41005	-0.038446525
84.4622	-0.03837792
84.51285	-0.038313367
84.55045	-0.03824344
84.58855	-0.038173609
84.65075	-0.038099195
84.70685	-0.038038503
84.7536	-0.037960882
84.7952	-0.037894161
84.8407	-0.037814181
84.8946	-0.03774846
84.94765	-0.037676184
85.0028	-0.037602669
85.0533	-0.037531597
85.10255	-0.037450683
85.154	-0.037382778
85.19865	-0.037298197
85.24155	-0.037305529
85.29365	-0.037155033
85.3484	-0.037079516
85.4027	-0.036994768
85.4563	-0.036925921
85.5082	-0.036846444
85.5575	-0.036766267
85.5958	-0.036685565
85.6398	-0.036616027
85.69665	-0.036516824
85.7491	-0.036448449
85.8008	-0.036360177
85.85595	-0.036278227
85.90855	-0.036198991
85.95765	-0.036117989
85.9993	-0.036027408
86.0449	-0.035940518
86.09925	-0.035852586
86.15055	-0.035762583
86.20145	-0.035678521
86.25515	-0.035584559
86.29765	-0.035494443
86.3426	-0.035412577
86.3999	-0.035321715
86.45255	-0.03523034
86.5054	-0.035136305
86.5586	-0.035047687
86.60905	-0.0349475
86.6593	-0.034855584
86.70115	-0.034757318
86.74365	-0.034663839
86.79625	-0.03456402
86.84905	-0.034473118
86.90255	-0.034368556
86.9554	-0.034271261
87.00555	-0.034171691
87.05625	-0.034062847
87.0994	-0.033963538
87.1422	-0.033867954
87.1954	-0.033751825
87.24855	-0.033655691
87.3011	-0.033543389
87.35435	-0.033431268
87.3988	-0.033325888
87.4458	-0.033218851
87.5029	-0.033114024
87.55655	-0.032995018
87.6065	-0.032890144
87.65645	-0.032776451
87.6999	-0.032653246
87.74345	-0.032540289
87.7969	-0.032425286
87.85075	-0.03230069
87.90425	-0.032186023
87.9577	-0.032065633
88.0069	-0.031953579
88.0556	-0.031823145
88.0997	-0.03169861
88.1443	-0.031578865
88.1979	-0.031448121
88.252	-0.031317274
88.30545	-0.031191273
88.3583	-0.031057612
88.40705	-0.030929728
88.4559	-0.030785636
88.50075	-0.030659351
88.54525	-0.030527443
88.59825	-0.030385106
88.6518	-0.030250323
88.70445	-0.030100448
88.75755	-0.029964391
88.79845	-0.029814998
88.84155	-0.029674455
88.898	-0.029527926
88.952	-0.029374224
89.0062	-0.029224541
89.0584	-0.029073882
89.10695	-0.028925134
89.1584	-0.028761292
89.20445	-0.028602495
89.2464	-0.028440073
89.2963	-0.028278975
89.3495	-0.028119875
89.40445	-0.02794816
89.45965	-0.027783512
89.51525	-0.027615267
89.56385	-0.027439887
89.60115	-0.02727008
89.64515	-0.027094819
89.7009	-0.026911273
89.75795	-0.026731986
89.81	-0.026549238
89.85915	-0.026359413
89.90665	-0.026174652
89.95215	-0.025980307
90.0047	-0.025792279
90.05475	-0.025601278
90.1018	-0.025397236
90.15435	-0.025199847
90.2088	-0.025001139
90.2607	-0.024793642
90.3014	-0.024588389
90.34485	-0.024378947
90.3997	-0.024173869
90.4474	-0.023955499
90.4957	-0.023733602
90.54975	-0.023520109
90.5972	-0.023300031
90.64785	-0.023074235
90.70355	-0.022851721
90.75595	-0.022621376
90.80875	-0.022392318
90.8627	-0.022157038
90.90945	-0.021916025
90.9546	-0.021681606
91.0011	-0.021445991
91.05025	-0.021197045
91.1061	-0.020950305
91.15375	-0.020703609
91.1997	-0.020451759
91.25265	-0.020200797
91.3013	-0.019941133
91.35005	-0.019682984
91.40295	-0.019418281
91.4565	-0.019156357
91.5095	-0.018891659
91.5537	-0.018617835
91.5991	-0.018346915
91.65225	-0.01835029
91.70075	-0.01779359
91.7502	-0.017802752
91.80365	-0.017234016
91.85645	-0.016952069
91.90975	-0.016662667
91.963	-0.016378057
92.00675	-0.016090166
92.05175	-0.015796751
92.10145	-0.015504181
92.14955	-0.015208602
92.20325	-0.014915583
92.2578	-0.014620851
92.31145	-0.014325966
92.36415	-0.01403264
92.4073	-0.013738477
92.4479	-0.013442795
92.498	-0.013151147
92.5515	-0.01285731
92.60485	-0.012567114
92.65825	-0.012280614
92.71185	-0.011991272
92.7648	-0.011702961
92.80805	-0.011420771
92.85155	-0.011140173
92.9015	-0.010858844
92.95225	-0.010583448
93.0049	-0.010312406
93.05745	-0.010042219
93.10405	-0.00977552
93.1474	-0.009510257
93.1976	-0.009248487
93.2514	-0.0089907
93.30565	-0.008732343
93.3585	-0.008480273
93.4118	-0.008230012
93.4805	-0.007736
93.55135	-0.007494673
93.60765	-0.007254885
93.6612	-0.007019032
93.7139	-0.006786682
93.76655	-0.006555158
93.80495	-0.00632571
93.8482	-0.006104381
93.9066	-0.005882684
93.9605	-0.005667667
94.0138	-0.005452184
94.0546	-0.005243053
94.0961	-0.005034637
94.1503	-0.004833602
94.20145	-0.00463572
94.2524	-0.004441456
94.30545	-0.004248866
94.3576	-0.00406318
94.41145	-0.003879618
94.4656	-0.003877617
94.50715	-0.003877741
94.5475	-0.003880238
94.5998	-0.003181985
94.6539	-0.003016341
94.70705	-0.00301645
94.7597	-0.002697393
94.81315	-0.002544642
94.866	-0.002396723
94.90735	-0.002252358
94.9479	-0.002114218
94.99955	-0.001980573
95.0532	-0.001851913
95.10665	-0.001728982
95.15955	-0.001611013
95.213	-0.001497579
95.26685	-0.001389628
95.3082	-0.001287549
95.34875	-0.001189531
95.4001	-0.001096088
95.45235	-0.001007345
95.50565	-0.000923345
95.55875	-0.000844217
95.61285	-0.000769595
95.66675	-0.000699133
95.707	-0.000632154
95.7472	-0.000569452
95.80045	-0.000512004
95.8541	-0.00045806
95.907	-0.000407098
95.96015	-0.000360818
96.0137	-0.000317979
96.0668	-0.000278523
96.10705	-0.000242171
96.1499	-0.000208195
96.20635	-0.000177398
96.26305	-0.000150442
96.306	-0.000125652
96.3499	-0.000102895
96.40705	-8.29E-05
96.46015	-6.51E-05
96.50035	-4.97E-05
96.5446	-3.64E-05
96.6009	-2.47E-05
96.6542	-1.50E-05
96.70825	-7.72E-06
96.76095	-2.55E-06
96.8142	1.36E-06
96.8548	2.78E-06
96.8945	4.53E-06
96.97375	5.60E-06
97.05325	5.45E-06
97.10745	5.51E-06
97.16155	5.75E-06
97.214	5.98E-06
97.25485	5.98E-06
97.2957	5.77E-06
97.3476	6.13E-06
97.4002	5.70E-06
97.45425	5.70E-06
97.50725	5.70E-06
97.5599	5.87E-06
97.61325	5.79E-06
97.66595	5.89E-06
97.70595	5.76E-06
97.74695	5.85E-06
97.80025	5.74E-06
97.85295	5.90E-06
97.90545	6.08E-06
97.9593	5.56E-06
98.01355	5.77E-06
98.0538	5.96E-06
98.09395	5.50E-06
98.14655	5.61E-06
98.2	5.94E-06
98.2537	5.89E-06
98.3073	5.56E-06
98.36055	6.25E-06
98.4142	5.82E-06
98.4537	6.19E-06
98.51895	5.74E-06
98.5997	6.20E-06
98.65355	5.49E-06
98.7064	5.96E-06
98.76005	5.76E-06
98.81345	5.92E-06
98.8531	5.46E-06
98.8932	5.83E-06
98.94675	5.86E-06
99	5.67E-06
99.0533	5.67E-06
99.1092	5.70E-06
99.1529	5.77E-06
99.19365	5.73E-06
99.24905	5.93E-06
99.3055	5.87E-06
99.35915	6.04E-06
99.42605	5.44E-06
99.49375	6.13E-06
99.547	5.52E-06
99.6035	5.41E-06
99.66085	5.89E-06
99.714	5.37E-06
99.7667	6.21E-06
99.8066	6.04E-06
99.84725	6.17E-06
99.90085	5.56E-06
99.95445	5.89E-06
100.00775	6.15E-06
100.05935	5.93E-06
100.1107	5.99E-06
100.14955	5.40E-06
100.18855	6.20E-06
100.2397	5.80E-06
100.2896	5.95E-06
100.34065	6.05E-06
100.3925	5.70E-06
100.444	6.12E-06
100.49605	6.05E-06
100.5345	5.92E-06
100.5735	5.36E-06
100.62575	5.71E-06
100.67755	5.65E-06
100.73055	5.95E-06
100.784	5.58E-06
100.8374	5.91E-06
100.89125	5.59E-06
100.93115	5.70E-06
100.97185	5.96E-06
101.02735	6.20E-06
101.0819	5.76E-06
101.1352	5.57E-06
101.1882	5.99E-06
101.2415	5.94E-06
101.28255	5.93E-06
101.32405	5.92E-06
101.37705	5.87E-06
101.4302	6.14E-06
101.48445	5.99E-06
101.53855	5.53E-06
101.5931	5.79E-06
101.6469	5.73E-06
101.68685	5.79E-06
101.7262	5.84E-06
101.78255	6.19E-06
101.8394	5.89E-06
101.89245	5.82E-06
101.94635	6.09E-06
101.98715	6.35E-06
102.02675	5.62E-06
102.079	5.72E-06
102.13205	5.81E-06
102.18565	6.02E-06
102.238	6.17E-06
102.29415	5.64E-06
102.33905	5.66E-06
102.3781	6.09E-06
102.43055	5.60E-06
102.48485	5.54E-06
102.5406	5.76E-06
102.58365	5.57E-06
102.6275	5.71E-06
102.68335	5.72E-06
102.73685	5.92E-06
102.79115	5.79E-06
102.84465	5.87E-06
102.8972	6.08E-06
102.93635	5.45E-06
102.97655	5.97E-06
103.0304	5.95E-06
103.0846	5.80E-06
103.13675	5.54E-06
103.18935	5.69E-06
103.24475	4.83E-06
103.2845	6.00E-06
103.32345	5.39E-06
103.37695	5.58E-06
103.4307	5.63E-06
103.4849	5.85E-06
103.5388	5.29E-06
103.61965	5.70E-06
103.68625	5.70E-06
103.72535	5.67E-06
103.77845	5.84E-06
103.8314	5.61E-06
103.8847	5.45E-06
103.93765	5.61E-06
103.99105	5.63E-06
104.04505	5.78E-06
104.0854	5.52E-06
104.12565	5.67E-06
104.1793	5.20E-06
104.2319	5.41E-06
104.28385	5.52E-06
104.3381	5.61E-06
104.392	5.36E-06
104.44465	5.32E-06
104.48465	5.77E-06
104.52375	5.48E-06
104.5771	5.53E-06
104.63145	6.26E-06
104.68805	5.59E-06
104.74465	5.92E-06
104.784	5.67E-06
104.82435	5.92E-06
104.87745	5.72E-06
104.9306	6.16E-06
104.9845	5.69E-06
105.0385	5.49E-06
105.09255	5.63E-06
105.1451	6.10E-06
105.18455	5.79E-06
105.22355	5.28E-06
105.27645	5.80E-06
105.33075	5.71E-06
105.38515	6.10E-06
105.4392	5.47E-06
105.49085	5.21E-06
105.5434	6.08E-06
105.58805	5.23E-06
105.6339	5.81E-06
105.67565	5.83E-06
105.71915	5.32E-06
105.7766	5.78E-06
105.83055	5.41E-06
105.8835	5.57E-06
105.93725	5.69E-06
105.99245	5.65E-06
106.04625	5.40E-06
106.0864	5.70E-06
106.12565	5.47E-06
106.1787	5.75E-06
106.23265	5.96E-06
106.2857	5.20E-06
106.33875	5.57E-06
106.39235	5.63E-06
106.4323	5.51E-06
106.4717	5.57E-06
106.5251	5.90E-06
106.57835	5.36E-06
106.6314	5.65E-06
106.68515	5.32E-06
106.73905	5.62E-06
106.7919	5.63E-06
106.83105	5.68E-06
106.87155	5.71E-06
106.92585	5.77E-06
106.97815	5.16E-06
107.0311	5.46E-06
107.0853	5.53E-06
107.1384	5.53E-06
107.1907	5.99E-06
107.2303	5.77E-06
107.27085	5.60E-06
107.32325	5.56E-06
107.37585	5.69E-06
107.43	5.82E-06
107.4873	6.06E-06
107.544	5.77E-06
107.58385	5.71E-06
107.62395	5.52E-06
107.6775	5.71E-06
107.73095	5.98E-06
107.7845	5.90E-06
107.83805	6.11E-06
107.8924	5.86E-06
107.9454	5.77E-06
107.9845	5.48E-06
108.02455	5.76E-06
108.0772	5.52E-06
108.1308	5.28E-06
108.18525	5.70E-06
108.23995	5.75E-06
108.29285	5.14E-06
108.34425	5.82E-06
108.3847	5.59E-06
108.4245	5.45E-06
108.47705	5.49E-06
108.5312	5.46E-06
108.58525	5.81E-06
108.62455	5.40E-06
108.6682	5.79E-06
108.7296	5.72E-06
108.7867	5.83E-06
108.83985	5.63E-06
108.8922	5.71E-06
108.94555	5.55E-06
108.9859	5.64E-06
109.0248	5.56E-06
109.0767	5.62E-06
109.1295	5.89E-06
109.1867	5.53E-06
109.23125	5.53E-06
109.2715	5.98E-06
109.32445	5.98E-06
109.37705	5.78E-06
109.42985	5.74E-06
109.48365	5.92E-06
109.5361	5.13E-06
109.5884	5.13E-06
109.6289	5.13E-06
109.66895	5.56E-06
109.7232	5.58E-06
109.77745	5.71E-06
109.8301	5.39E-06
109.91065	5.65E-06
109.991	5.52E-06
110.03085	5.68E-06
110.07135	5.76E-06
110.1248	5.46E-06
110.1785	5.52E-06
110.2313	5.66E-06
110.28435	5.53E-06
110.33885	5.83E-06
110.3922	5.54E-06
110.43115	5.37E-06
110.4718	5.01E-06
110.52945	5.36E-06
110.58565	5.57E-06
110.6372	5.59E-06
110.6902	5.17E-06
110.7313	5.47E-06
110.77105	5.39E-06
110.8233	5.59E-06
110.8769	6.01E-06
110.9312	5.50E-06
110.98415	5.38E-06
111.03685	5.58E-06
111.0892	5.79E-06
111.12915	5.98E-06
111.1707	5.40E-06
111.22435	5.51E-06
111.2782	5.35E-06
111.3317	5.70E-06
111.38475	5.65E-06
111.4647	5.70E-06
111.53015	5.65E-06
111.56935	5.73E-06
111.623	5.57E-06
111.6777	5.83E-06
111.7359	5.38E-06
111.7924	5.58E-06
111.8323	5.50E-06
111.8731	4.73E-06
111.92605	5.52E-06
111.97875	5.40E-06
112.0316	5.22E-06
112.0847	5.22E-06
112.13745	5.79E-06
112.1904	5.79E-06
112.2328	5.77E-06
112.27565	5.92E-06
112.33215	5.47E-06
112.38945	5.42E-06
112.4299	5.63E-06
112.46935	5.70E-06
112.52325	5.37E-06
112.57695	5.49E-06
112.63025	5.53E-06
112.683	5.58E-06
112.73555	5.32E-06
112.78945	5.93E-06
112.83075	5.51E-06
112.8713	5.45E-06
112.9237	5.52E-06
112.9758	5.57E-06
113.02945	5.53E-06
113.0829	5.20E-06
113.1367	5.50E-06
113.19085	5.87E-06
113.23035	5.42E-06
113.27005	5.68E-06
113.3229	5.63E-06
113.37975	5.78E-06
113.4372	5.51E-06
113.4907	5.29E-06
113.53145	5.31E-06
113.5716	5.84E-06
113.62415	5.65E-06
113.67705	5.71E-06
113.73085	5.48E-06
113.7844	5.52E-06
113.83745	5.73E-06
113.8774	5.50E-06
113.917	5.42E-06
113.97	5.62E-06
114.0231	5.31E-06
114.0766	5.64E-06
114.13055	5.47E-06
114.18395	5.53E-06
114.23605	5.61E-06
114.2755	5.36E-06
114.31605	5.43E-06
114.36935	5.75E-06
114.42285	5.52E-06
114.47665	5.90E-06
114.53035	5.46E-06
114.5835	5.27E-06
114.6361	4.75E-06
114.6893	5.64E-06
114.73	5.61E-06
114.7741	5.37E-06
114.83045	5.46E-06
114.8841	5.33E-06
114.9376	5.73E-06
114.9772	5.54E-06
115.0171	5.42E-06
115.06935	5.72E-06
115.1227	5.28E-06
115.17565	5.35E-06
115.2286	5.41E-06
115.2959	5.80E-06
115.3663	4.76E-06
115.42335	6.02E-06
115.47675	5.60E-06
115.5305	5.28E-06
115.5844	5.23E-06
115.6367	5.22E-06
115.67585	5.23E-06
115.7171	5.04E-06
115.7704	5.60E-06
115.82345	5.61E-06
115.88065	5.28E-06
115.93705	4.94E-06
115.976	5.58E-06
116.01565	5.60E-06
116.06965	5.39E-06
116.1227	5.40E-06
116.17655	5.49E-06
116.23045	5.55E-06
116.2837	5.46E-06
116.33725	5.70E-06
116.3771	5.81E-06
116.41925	5.67E-06
116.4744	5.61E-06
116.5274	5.28E-06
116.58175	5.36E-06
116.62575	5.83E-06
116.66915	5.34E-06
116.7228	5.61E-06
116.77675	5.11E-06
116.82995	5.12E-06
116.88325	5.18E-06
116.9365	5.77E-06
116.97515	5.58E-06
117.0156	5.55E-06
117.06975	5.54E-06
117.12335	5.71E-06
117.17635	5.52E-06
117.2289	5.35E-06
117.28225	5.68E-06
117.335	5.42E-06
117.375	5.64E-06
117.41525	5.16E-06
117.4687	5.79E-06
117.5223	5.42E-06
117.5766	5.58E-06
117.6304	5.50E-06
117.6833	5.34E-06
117.7223	5.54E-06
117.76455	5.33E-06
117.82095	5.33E-06
117.874	5.39E-06
117.9277	5.47E-06
117.98095	5.34E-06
118.0351	5.11E-06
118.0766	5.12E-06
118.1162	5.64E-06
118.16865	5.76E-06
118.22245	5.23E-06
118.2766	5.19E-06
118.32975	5.36E-06
118.38335	5.56E-06
118.43675	5.08E-06
118.4768	5.42E-06
118.5166	5.22E-06
118.5695	5.49E-06
118.62345	5.50E-06
118.67605	5.14E-06
118.7292	5.14E-06
118.7834	5.14E-06
118.8369	5.36E-06
118.87645	5.54E-06
118.91875	5.32E-06
118.9756	5.74E-06
119.029	5.69E-06
119.082	4.87E-06
119.1361	5.69E-06
119.17515	5.42E-06
119.2179	5.77E-06
119.2754	5.41E-06
119.32835	5.59E-06
119.38085	5.42E-06
119.43435	5.26E-06
119.47565	5.58E-06
119.51575	4.83E-06
119.56925	5.23E-06
119.6233	5.10E-06
119.67925	5.32E-06
119.7347	5.59E-06
119.7746	5.31E-06
119.81445	5.48E-06
119.8673	5.42E-06
119.9215	5.91E-06
119.9754	5.50E-06
120.0287	5.67E-06
120.082	5.51E-06
120.1352	5.61E-06
120.1757	5.35E-06
120.2161	5.20E-06
120.2687	5.60E-06
120.3217	5.34E-06
120.3748	4.76E-06
120.4274	5.36E-06
120.48115	5.23E-06
120.52225	5.26E-06
120.5626	4.99E-06
120.6157	5.36E-06
120.66875	4.92E-06
120.7216	5.56E-06
120.7747	5.89E-06
120.8173	5.30E-06
120.8608	5.48E-06
120.9141	5.42E-06
120.96675	5.47E-06
121.02045	5.26E-06
121.0738	5.51E-06
121.12745	5.62E-06
121.1818	5.45E-06
121.22245	5.76E-06
121.2608	5.16E-06
121.3132	5.08E-06
121.36715	5.33E-06
121.42045	5.33E-06
121.47435	5.56E-06
121.52845	5.41E-06
121.58105	5.74E-06
121.63365	5.39E-06
121.67455	6.02E-06
121.71485	5.32E-06
121.7695	5.64E-06
121.82395	5.38E-06
121.8759	5.41E-06
121.9289	5.28E-06
121.9829	5.30E-06
122.02305	5.40E-06
122.06275	5.42E-06
122.11575	5.35E-06
122.16945	5.37E-06
122.22285	5.42E-06
122.2783	5.52E-06
122.31965	5.36E-06
122.3593	5.69E-06
122.4132	5.25E-06
122.4673	5.33E-06
122.5206	5.33E-06
122.57335	5.33E-06
122.62705	4.95E-06
122.66655	5.74E-06
122.7098	5.73E-06
122.76645	5.57E-06
122.8198	5.50E-06
122.8736	5.26E-06
122.9276	5.66E-06
122.9712	5.29E-06
123.01725	5.50E-06
123.07425	5.30E-06
123.1286	5.29E-06
123.18125	5.35E-06
123.23445	5.03E-06
123.27525	5.47E-06
123.31515	5.58E-06
123.36845	5.18E-06
123.4213	5.40E-06
123.47435	5.49E-06
123.5278	5.35E-06
123.5811	5.31E-06
123.63345	5.41E-06
123.6737	5.21E-06
123.7138	5.02E-06
123.7669	5.59E-06
123.8258	5.42E-06
123.88465	5.66E-06
123.92445	5.03E-06
123.96385	5.53E-06
124.01605	5.45E-06
124.0685	5.31E-06
124.1216	5.67E-06
124.17425	5.75E-06
124.2274	5.90E-06
124.2803	5.56E-06
124.32005	5.93E-06
124.35935	5.81E-06
124.41215	5.36E-06
124.466	5.27E-06
124.51915	5.29E-06
124.57195	4.93E-06
124.62645	5.50E-06
124.67955	5.15E-06
124.7191	5.61E-06
124.76025	5.55E-06
124.8135	5.45E-06
124.8671	5.07E-06
124.9199	5.43E-06
124.97295	5.28E-06
125.0271	5.24E-06
125.0793	5.25E-06
125.1326	5.77E-06
125.1724	5.46E-06
125.2125	5.53E-06
125.26725	5.53E-06
125.3205	5.62E-06
125.37375	5.27E-06
125.42655	5.66E-06
125.48015	5.66E-06
125.53575	5.39E-06
125.57475	5.27E-06
125.613	5.48E-06
125.66695	5.34E-06
125.72095	5.40E-06
125.77435	5.10E-06
125.8274	5.61E-06
125.8802	4.99E-06
125.91995	5.76E-06
125.96055	5.77E-06
126.01695	5.77E-06
126.07685	5.46E-06
126.1277	5.83E-06
126.1748	5.99E-06
126.22695	5.62E-06
126.28	5.48E-06
126.3199	5.48E-06
126.3589	5.88E-06
126.41255	5.52E-06
126.4662	5.70E-06
126.51935	6.01E-06
126.5739	5.52E-06
126.6273	5.41E-06
126.6791	5.62E-06
126.7196	5.37E-06
126.7594	5.46E-06
126.81235	5.47E-06
126.87	5.81E-06
126.92755	5.57E-06
126.9806	5.71E-06
127.0191	5.59E-06
127.05915	5.24E-06
127.11295	5.35E-06
127.1667	5.70E-06
127.22045	5.29E-06
127.2732	5.19E-06
127.3259	5.71E-06
127.37895	5.14E-06
127.41935	5.01E-06
127.4601	6.34E-06
127.5133	5.74E-06
127.56555	5.40E-06
127.6191	4.97E-06
127.673	5.29E-06
127.7255	5.76E-06
127.7787	5.72E-06
127.81885	5.62E-06
127.8591	5.53E-06
127.91265	5.33E-06
127.96575	5.92E-06
128.01895	5.58E-06
128.0727	5.61E-06
128.12565	5.46E-06
128.1798	5.04E-06
128.2208	5.51E-06
128.25915	5.54E-06
128.31155	5.86E-06
128.36505	5.66E-06
128.41825	5.42E-06
128.4716	5.65E-06
128.5265	5.53E-06
128.5812	5.65E-06
128.62035	5.90E-06
128.65915	5.65E-06
128.71295	5.84E-06
128.7665	5.43E-06
128.8197	5.89E-06
128.87175	5.53E-06
128.9244	5.46E-06
128.9788	5.00E-06
129.01895	5.62E-06
129.0584	4.86E-06
129.11155	6.37E-06
129.17155	5.91E-06
129.21825	4.61E-06
129.25795	4.61E-06
129.3115	4.48E-06
129.36645	5.65E-06
129.4197	6.40E-06
129.47235	5.42E-06
129.5258	6.35E-06
129.5691	5.71E-06
129.61225	5.11E-06
129.6657	5.63E-06
129.7187	6.58E-06
129.7716	5.33E-06
129.82495	5.39E-06
129.8638	5.91E-06
129.90635	5.33E-06
129.96315	5.65E-06
130.0165	5.41E-06
130.07375	5.10E-06
130.13085	5.54E-06
130.17135	5.58E-06
130.2121	5.57E-06
130.2658	6.56E-06
130.31805	5.53E-06
130.37065	5.96E-06
130.4248	5.66E-06
130.47905	5.95E-06
130.5196	4.87E-06
130.55935	5.24E-06
130.61315	4.83E-06
130.6664	5.48E-06
130.71885	5.22E-06
130.7721	5.42E-06
130.8258	5.68E-06
130.87915	5.70E-06
130.91915	5.88E-06
130.9591	5.99E-06
131.01185	5.58E-06
131.06525	5.93E-06
131.11855	5.80E-06
131.1719	5.73E-06
131.22445	5.45E-06
131.2634	5.69E-06
131.3037	5.32E-06
131.3572	5.69E-06
131.41105	6.05E-06
131.46455	5.88E-06
131.51645	6.13E-06
131.57025	5.52E-06
131.62455	5.10E-06
131.6766	6.09E-06
131.71715	5.40E-06
131.75755	5.34E-06
131.8099	5.34E-06
131.8639	5.47E-06
131.9167	4.58E-06
131.96995	7.13E-06
132.0246	5.29E-06
132.078	6.01E-06
132.11785	5.33E-06
132.15725	5.09E-06
132.21045	6.61E-06
132.26395	5.91E-06
132.31755	5.33E-06
132.3715	5.66E-06
132.4248	5.43E-06
132.46355	5.71E-06
132.5032	4.86E-06
132.56035	5.99E-06
132.616	4.80E-06
132.66975	5.78E-06
132.7234	5.71E-06
132.77695	5.29E-06
132.8175	5.21E-06
132.857	5.92E-06
132.91285	5.65E-06
132.968	5.67E-06
133.02105	5.84E-06
133.0616	5.52E-06
133.10515	5.60E-06
133.16245	5.32E-06
133.21665	5.21E-06
133.27075	5.97E-06
133.3239	5.59E-06
133.3765	5.62E-06
133.4306	5.96E-06
133.47085	5.33E-06
133.5104	5.29E-06
133.5639	5.08E-06
133.61595	5.69E-06
133.6689	5.55E-06
133.71405	5.50E-06
133.75795	5.40E-06
133.8115	5.57E-06
133.8654	6.02E-06
133.9171	5.24E-06
133.9702	5.58E-06
134.02455	5.19E-06
134.0782	5.31E-06
134.1179	5.86E-06
134.15705	5.44E-06
134.21015	5.48E-06
134.26315	5.96E-06
134.31695	5.78E-06
134.3706	5.14E-06
134.4237	5.72E-06
134.47775	5.85E-06
134.5181	5.70E-06
134.55765	5.17E-06
134.60985	5.41E-06
134.6628	5.79E-06
134.71535	5.36E-06
134.7684	6.08E-06
134.82335	5.60E-06
134.87625	5.57E-06
134.91615	5.41E-06
134.9559	5.26E-06
135.0083	5.31E-06
135.06155	5.31E-06
135.1155	5.24E-06
135.16935	5.49E-06
135.22205	5.39E-06
135.2752	5.38E-06
135.3159	5.94E-06
135.356	5.01E-06
135.4088	5.29E-06
135.46195	5.52E-06
135.5157	5.13E-06
135.56875	5.81E-06
135.61175	5.62E-06
135.65465	5.83E-06
135.7077	5.65E-06
135.761	5.77E-06
135.8144	5.92E-06
135.86805	5.94E-06
135.908	5.17E-06
135.95495	5.40E-06
136.01425	5.82E-06
136.06605	5.32E-06
136.11835	5.78E-06
136.1755	5.17E-06
136.21865	5.61E-06
136.25685	5.75E-06
136.3092	5.51E-06
136.3617	5.73E-06
136.41515	4.96E-06
136.4686	5.04E-06
136.53395	5.98E-06
136.6002	5.30E-06
136.65235	5.41E-06
136.7052	5.70E-06
136.76285	5.17E-06
136.82	5.44E-06
136.8597	5.06E-06
136.8993	5.08E-06
136.95265	5.32E-06
137.00555	5.54E-06
137.05945	5.52E-06
137.1128	5.74E-06
137.1664	5.43E-06
137.22135	5.32E-06
137.2745	5.57E-06
137.3139	5.05E-06
137.3535	5.48E-06
137.40595	4.99E-06
137.46105	5.31E-06
137.51605	5.21E-06
137.56825	5.70E-06
137.6214	4.83E-06
137.6755	5.13E-06
137.71525	5.31E-06
137.7557	5.43E-06
137.8124	5.43E-06
137.8681	5.45E-06
137.92115	5.02E-06
137.96155	5.65E-06
138.00085	5.68E-06
138.0537	5.32E-06
138.1079	5.26E-06
138.16085	5.24E-06
138.2137	5.45E-06
138.26755	5.39E-06
138.32095	5.42E-06
138.36105	5.58E-06
138.4013	5.35E-06
138.4538	5.19E-06
138.5064	5.11E-06
138.5604	5.21E-06
138.6139	5.21E-06
138.66675	4.78E-06
138.72045	5.73E-06
138.77375	5.31E-06
138.81395	5.31E-06
138.8541	5.19E-06
138.90755	4.96E-06
138.95865	5.05E-06
139.0128	5.04E-06
139.05525	4.91E-06
139.0955	4.91E-06
139.15115	5.63E-06
139.2083	5.17E-06
139.2651	5.49E-06
139.31875	4.98E-06
139.3583	5.47E-06
139.39845	6.04E-06
139.45295	5.33E-06
139.5077	4.94E-06
139.5615	5.22E-06
139.61485	5.21E-06
139.65515	5.44E-06
139.6991	5.19E-06
139.75605	5.10E-06
139.80955	5.50E-06
139.8629	5.22E-06
139.9145	5.61E-06
139.96635	4.95E-06
140.0196	5.23E-06
140.06	5.49E-06
140.1004	4.98E-06
140.1541	5.40E-06
140.20865	5.08E-06
140.26205	5.48E-06
140.31485	5.11E-06
140.3672	5.44E-06
140.4199	5.29E-06
140.46005	5.33E-06
140.50055	5.51E-06
140.55375	4.95E-06
140.60575	5.09E-06
140.659	5.29E-06
140.71195	4.90E-06
140.76465	5.59E-06
140.8178	5.76E-06
140.8616	5.43E-06
140.90635	5.26E-06
140.95975	5.09E-06
141.013	5.45E-06
141.067	5.30E-06
141.12045	5.05E-06
141.15985	5.69E-06
141.19935	5.32E-06
141.2523	5.61E-06
141.30955	4.67E-06
141.36645	5.15E-06
141.41825	5.56E-06
141.45785	5.40E-06
141.4982	4.87E-06
141.552	4.98E-06
141.60555	5.20E-06
141.65885	4.97E-06
141.7117	4.97E-06
141.76445	5.22E-06
141.8187	5.34E-06
141.86	4.99E-06
141.89975	4.75E-06
141.952	5.22E-06
142.00995	5.48E-06
142.0683	5.23E-06
142.12085	5.19E-06
142.1606	5.56E-06
142.2012	5.08E-06
142.254	5.10E-06
142.307	5.14E-06
142.35975	5.25E-06
142.41275	4.59E-06
142.46575	4.87E-06
142.51865	5.02E-06
142.5595	5.33E-06
142.5995	4.91E-06
142.6519	5.42E-06
142.70725	5.23E-06
142.7639	5.68E-06
142.8191	5.42E-06
142.8596	5.20E-06
142.8986	4.83E-06
142.9502	5.17E-06
143.00425	4.84E-06
143.05835	4.81E-06
143.1107	5.46E-06
143.16385	5.23E-06
143.2175	5.37E-06
143.25695	4.82E-06
143.29695	5.11E-06
143.3514	5.05E-06
143.4046	5.16E-06
143.46075	5.17E-06
143.51725	5.15E-06
143.55765	5.07E-06
143.5977	5.20E-06
143.6518	5.03E-06
143.7059	5.05E-06
143.75815	4.94E-06
143.8111	5.36E-06
143.86495	4.61E-06
143.9177	5.14E-06
143.9702	4.80E-06
144.0108	4.92E-06
144.05275	5.35E-06
144.10595	4.78E-06
144.1583	4.74E-06
144.2116	4.52E-06
144.264	5.06E-06
144.30395	5.14E-06
144.34845	4.59E-06
144.40495	4.74E-06
144.4577	4.94E-06
144.5118	4.74E-06
144.56545	5.27E-06
144.6175	4.75E-06
144.65815	4.68E-06
144.6993	5.19E-06
144.7522	4.70E-06
144.80495	4.76E-06
144.85875	4.97E-06
144.9121	4.94E-06
144.9638	4.94E-06
145.00365	5.40E-06
145.04505	4.93E-06
145.10095	4.50E-06
145.1567	4.92E-06
145.21075	5.16E-06
145.2639	4.95E-06
145.3177	4.67E-06
145.3572	5.33E-06
145.39605	4.86E-06
145.4494	5.04E-06
145.50285	5.38E-06
145.5566	4.57E-06
145.61395	5.05E-06
145.6573	4.97E-06
145.6982	5.19E-06
145.7518	4.84E-06
145.80495	5.47E-06
145.8583	4.83E-06
145.9118	4.78E-06
145.96545	5.34E-06
146.01815	4.97E-06
146.0585	4.71E-06
146.09815	5.21E-06
146.15015	5.32E-06
146.2032	4.99E-06
146.25725	5.01E-06
146.31015	4.99E-06
146.3639	4.35E-06
146.41775	4.80E-06
146.45755	5.10E-06
146.50095	5.32E-06
146.5574	5.12E-06
146.61115	5.04E-06
146.66535	5.11E-06
146.71795	5.33E-06
146.756	5.04E-06
146.79815	4.90E-06
146.85585	4.81E-06
146.90985	5.00E-06
146.9627	4.97E-06
147.0162	5.03E-06
147.05635	4.74E-06
147.0964	5.25E-06
147.1489	4.89E-06
147.2028	5.26E-06
147.2574	5.09E-06
147.3107	4.94E-06
147.36305	4.94E-06
147.4165	4.94E-06
147.45775	4.94E-06
147.4966	4.64E-06
147.5491	5.32E-06
147.6041	3.66E-06
147.65755	5.35E-06
147.7104	5.25E-06
147.76335	4.84E-06
147.80255	4.75E-06
147.84285	5.29E-06
147.89665	5.04E-06
147.95	4.90E-06
148.00345	4.98E-06
148.04405	4.62E-06
148.0997	5.27E-06
148.15575	4.81E-06
148.19665	5.23E-06
148.2499	4.90E-06
148.30315	4.98E-06
148.3563	4.92E-06
148.4101	4.93E-06
148.46355	4.85E-06
148.50285	5.19E-06
148.5431	4.97E-06
148.5972	5.10E-06
148.6538	5.12E-06
148.7091	5.12E-06
148.76215	5.43E-06
148.81695	5.14E-06
148.85695	5.69E-06
148.89615	4.85E-06
148.9502	4.67E-06
149.00425	4.51E-06
149.05695	5.13E-06
149.10975	5.11E-06
149.16285	5.09E-06
149.21645	5.08E-06
149.2575	5.42E-06
149.2959	5.24E-06
149.34825	4.75E-06
149.40265	4.94E-06
149.45675	4.97E-06
149.5104	4.87E-06
149.55295	4.86E-06
149.59665	5.02E-06
149.651	4.84E-06
149.7043	4.86E-06
149.75675	5.40E-06
149.8134	4.68E-06
149.85725	4.94E-06
149.8975	4.64E-06
149.9509	5.11E-06
150.00325	4.84E-06
150.05605	5.21E-06
150.1092	4.91E-06
150.16295	5.10E-06
150.21645	4.81E-06
150.2553	5.45E-06
150.2957	4.87E-06
150.34945	4.66E-06
150.40275	5.32E-06
150.4556	5.35E-06
150.50875	4.96E-06
150.56285	5.24E-06
150.61605	4.78E-06
150.65585	5.54E-06
150.69565	5.14E-06
150.7513	4.94E-06
150.80785	5.03E-06
150.86195	5.37E-06
150.9014	5.37E-06
150.9419	4.48E-06
150.99685	5.20E-06
151.0504	4.86E-06
151.10495	4.87E-06
151.1602	4.63E-06
151.227	4.86E-06
151.2938	4.74E-06
151.34735	4.73E-06
151.3996	4.79E-06
151.45325	4.79E-06
151.50855	5.26E-06
151.56305	4.91E-06
151.60345	5.30E-06
151.6435	5.32E-06
151.69695	4.92E-06
151.7498	4.92E-06
151.80405	4.89E-06
151.85725	4.99E-06
151.90975	5.37E-06
151.96375	5.02E-06
152.00355	5.39E-06
152.0448	5.25E-06
152.09815	5.31E-06
152.1504	5.19E-06
152.20325	4.89E-06
152.25565	4.76E-06
152.3097	5.15E-06
152.36305	5.05E-06
152.40265	4.87E-06
152.4422	4.95E-06
152.49515	5.41E-06
152.54935	4.80E-06
152.6055	5.14E-06
152.66205	5.17E-06
152.70185	5.02E-06
152.7423	5.32E-06
152.7967	5.62E-06
152.8492	5.26E-06
152.90235	5.18E-06
152.9557	4.96E-06
153.00935	5.05E-06
153.06305	4.44E-06
153.10185	5.59E-06
153.1416	4.71E-06
153.19555	5.15E-06
153.24855	5.26E-06
153.3025	5.03E-06
153.3563	5.21E-06
153.4086	5.23E-06
153.4617	5.16E-06
153.50115	5.00E-06
153.54125	5.65E-06
153.59535	5.19E-06
153.6487	4.69E-06
153.7033	4.75E-06
153.76065	5.40E-06
153.8031	5.19E-06
153.84295	5.21E-06
153.89675	4.86E-06
153.95055	4.44E-06
154.00335	4.74E-06
154.0566	4.76E-06
154.1002	4.68E-06
154.14785	5.67E-06
154.2062	4.88E-06
154.2591	5.06E-06
154.31175	4.76E-06
154.3648	5.20E-06
154.4049	4.64E-06
154.44395	5.02E-06
154.49895	5.13E-06
154.55555	4.96E-06
154.6094	5.28E-06
154.66385	5.05E-06
154.70195	4.75E-06
154.7403	5.55E-06
154.79475	4.99E-06
154.84765	5.13E-06
154.90105	5.73E-06
154.954	5.25E-06
155.0067	5.19E-06
155.0729	5.25E-06
155.1398	5.08E-06
155.19435	5.16E-06
155.2476	4.90E-06
155.29995	4.93E-06
155.3544	4.93E-06
155.40895	4.96E-06
155.46215	5.78E-06
155.5023	4.97E-06
155.5424	4.39E-06
155.5958	4.69E-06
155.6492	5.67E-06
155.70305	4.52E-06
155.75695	4.63E-06
155.81105	5.53E-06
155.85125	4.87E-06
155.89035	5.23E-06
155.94355	4.48E-06
155.9959	5.17E-06
156.04905	4.39E-06
156.1029	4.07E-06
156.1562	5.86E-06
156.20915	4.85E-06
156.2479	4.99E-06
156.28815	5.69E-06
156.3421	5.15E-06
156.39445	4.28E-06
156.4473	4.99E-06
156.5018	4.30E-06
156.55535	5.07E-06
156.60935	5.41E-06
156.64925	4.66E-06
156.689	4.84E-06
156.7424	5.26E-06
156.7949	5.32E-06
156.84915	5.25E-06
156.90355	5.38E-06
156.95595	4.92E-06
157.0083	5.13E-06
157.04855	5.11E-06
157.088	5.26E-06
157.1454	5.06E-06
157.2072	5.04E-06
157.2514	5.07E-06
157.291	5.20E-06
157.3441	4.98E-06
157.3982	4.94E-06
157.4506	5.25E-06
157.5059	4.71E-06
157.55	4.53E-06
157.5899	4.72E-06
157.64195	5.19E-06
157.6953	5.57E-06
157.748	5.51E-06
157.8011	4.77E-06
157.8554	5.34E-06
157.9085	5.04E-06
157.9478	4.84E-06
157.9876	4.77E-06
158.04105	5.04E-06
158.09485	5.09E-06
158.1482	5.20E-06
158.20105	5.29E-06
158.2545	5.40E-06
158.30785	5.03E-06
158.34765	5.39E-06
158.38875	5.32E-06
158.4434	4.91E-06
158.4964	5.34E-06
158.5524	4.88E-06
158.60945	5.10E-06
158.653	5.09E-06
158.6963	4.85E-06
158.75	4.93E-06
158.80405	5.23E-06
158.85775	5.22E-06
158.9102	4.96E-06
158.95025	5.38E-06
158.99065	5.16E-06
159.0432	5.03E-06
159.0964	5.33E-06
159.14905	5.26E-06
159.2015	5.15E-06
159.2544	5.47E-06
159.30855	5.08E-06
159.3494	5.50E-06
159.389	5.09E-06
159.4426	5.19E-06
159.4962	5.11E-06
159.54955	5.34E-06
159.6029	5.05E-06
159.6564	5.01E-06
159.70955	5.32E-06
159.74935	5.09E-06
159.78985	5.60E-06
159.8424	5.86E-06
159.8944	5.33E-06
159.94815	5.34E-06
160.00185	5.73E-06
160.0552	5.61E-06
160.0962	5.48E-06
160.136	5.21E-06
160.18815	5.09E-06
160.2444	5.57E-06
160.30115	5.54E-06
160.3558	5.42E-06
160.39505	4.80E-06
160.43395	5.20E-06
160.4891	4.94E-06
160.54295	5.33E-06
160.5956	5.01E-06
160.64865	5.73E-06
160.70275	5.56E-06
160.7565	5.20E-06
160.7959	4.82E-06
160.83595	5.40E-06
160.88965	5.77E-06
160.944	5.12E-06
160.998	5.87E-06
161.0495	5.06E-06
161.1024	5.46E-06
161.1566	5.24E-06
161.1961	5.15E-06
161.2369	5.59E-06
161.29125	5.40E-06
161.3442	5.07E-06
161.39655	5.10E-06
161.45025	5.55E-06
161.5035	5.53E-06
161.5423	5.09E-06
161.58615	5.33E-06
161.64365	5.16E-06
161.70065	4.88E-06
161.7565	5.43E-06
161.79645	5.05E-06
161.83715	5.49E-06
161.8899	5.27E-06
161.94385	5.71E-06
161.9963	5.18E-06
162.04925	5.84E-06
162.1037	5.00E-06
162.14335	4.87E-06
162.1865	5.37E-06
162.24315	5.20E-06
162.2962	5.15E-06
162.34915	5.57E-06
162.40255	5.57E-06
162.45635	5.35E-06
162.4969	5.35E-06
162.5371	5.35E-06
162.6173	5.11E-06
162.6976	5.36E-06
162.7515	5.36E-06
162.80505	5.78E-06
162.8573	5.32E-06
162.89655	5.39E-06
162.93675	5.48E-06
162.99065	5.46E-06
163.04325	5.64E-06
163.09565	5.06E-06
163.1504	5.11E-06
163.1905	5.57E-06
163.23335	5.70E-06
163.29395	5.61E-06
163.35235	5.88E-06
163.406	5.19E-06
163.459	5.41E-06
163.4997	5.80E-06
163.5395	5.72E-06
163.5929	5.47E-06
163.64535	5.20E-06
163.69805	5.48E-06
163.75135	5.57E-06
163.80415	5.40E-06
163.84405	5.69E-06
163.88435	5.06E-06
163.93835	5.29E-06
163.9917	5.87E-06
164.0445	5.55E-06
164.09815	5.43E-06
164.1505	5.42E-06
164.2032	5.61E-06
164.2443	5.80E-06
164.2847	5.69E-06
164.33765	5.48E-06
164.3906	5.37E-06
164.4434	5.26E-06
164.4968	5.89E-06
164.55095	5.20E-06
164.60495	5.65E-06
164.6445	5.45E-06
164.68445	5.31E-06
164.73775	5.48E-06
164.7914	5.55E-06
164.84555	6.04E-06
164.89805	5.20E-06
164.95075	5.63E-06
165.0039	5.51E-06
165.04455	5.60E-06
165.0844	5.64E-06
165.13795	5.85E-06
165.1956	5.85E-06
165.2531	5.98E-06
165.3058	5.16E-06
165.34485	6.02E-06
165.3854	5.39E-06
165.43915	5.64E-06
165.492	5.92E-06
165.54465	6.03E-06
165.5981	5.18E-06
165.6519	5.43E-06
165.70625	5.55E-06
165.747	5.59E-06
165.7864	5.86E-06
165.8388	5.67E-06
165.89245	5.60E-06
165.94565	5.47E-06
165.999	5.49E-06
166.05245	5.54E-06
166.0917	5.57E-06
166.1319	5.18E-06
166.18585	5.55E-06
166.23915	5.68E-06
166.2956	5.70E-06
166.3425	6.12E-06
166.3868	5.63E-06
166.44035	5.91E-06
166.49325	6.06E-06
166.54955	5.52E-06
166.5929	5.83E-06
166.63285	6.36E-06
166.6876	5.81E-06
166.74145	5.53E-06
166.79295	5.78E-06
166.8456	5.27E-06
166.89975	6.05E-06
166.9532	5.92E-06
166.99215	5.23E-06
167.0332	6.23E-06
167.08725	5.47E-06
167.14015	5.73E-06
167.19305	5.41E-06
167.24605	6.27E-06
167.29905	5.44E-06
167.3524	5.26E-06
167.3919	5.33E-06
167.4319	5.38E-06
167.4861	5.66E-06
167.5424	5.45E-06
167.59835	5.58E-06
167.6522	5.35E-06
167.6928	5.84E-06
167.73255	5.27E-06
167.78635	5.55E-06
167.8402	6.10E-06
167.8942	5.93E-06
167.9485	5.77E-06
168.0016	5.84E-06
168.0546	5.79E-06
168.095	5.62E-06
168.1349	5.86E-06
168.1878	5.72E-06
168.2413	5.63E-06
168.29525	5.68E-06
168.3491	5.89E-06
168.40165	5.60E-06
168.44025	6.10E-06
168.4804	6.42E-06
168.53415	5.35E-06
168.5873	5.35E-06
168.64095	5.35E-06
168.6947	5.63E-06
168.74725	5.63E-06
168.7997	5.46E-06
168.8409	5.84E-06
168.88185	5.57E-06
168.93405	5.25E-06
168.9869	5.21E-06
169.041	5.56E-06
169.0944	5.73E-06
169.1477	6.01E-06
169.2013	5.60E-06
169.2405	6.01E-06
169.2813	5.58E-06
169.3363	6.00E-06
169.3902	5.80E-06
169.4443	6.07E-06
169.4984	6.02E-06
169.53855	5.63E-06
169.5828	5.96E-06
169.66735	5.76E-06
169.74765	5.56E-06
169.78835	5.99E-06
169.8299	5.79E-06
169.8838	5.49E-06
169.93665	5.81E-06
169.9902	5.54E-06
170.04325	6.16E-06
170.0968	5.16E-06
170.15105	5.74E-06
170.1912	5.56E-06
170.23125	6.09E-06
170.28465	5.68E-06
170.33865	5.50E-06
170.3915	5.29E-06
170.4736	5.56E-06
170.54395	5.78E-06
170.5875	5.39E-06
170.6432	6.08E-06
170.6957	5.70E-06
170.749	5.72E-06
170.8028	5.34E-06
170.8433	5.60E-06
170.88265	5.98E-06
170.9359	5.88E-06
170.9897	5.49E-06
171.0431	5.40E-06
171.0963	5.45E-06
171.14885	5.68E-06
171.1889	5.80E-06
171.22905	5.83E-06
171.2816	5.85E-06
171.33505	5.57E-06
171.38895	5.72E-06
171.44255	5.59E-06
171.4966	5.79E-06
171.54875	5.66E-06
171.58785	6.04E-06
171.6291	6.05E-06
171.6826	5.45E-06
171.73555	5.20E-06
171.7896	5.68E-06
171.8433	5.45E-06
171.89605	5.45E-06
171.94965	6.08E-06
171.99005	6.08E-06
172.0312	5.29E-06
172.08575	5.68E-06
172.13835	5.74E-06
172.19135	5.69E-06
172.244	5.72E-06
172.2886	5.58E-06
172.33775	5.55E-06
172.395	5.81E-06
172.4482	5.38E-06
172.4998	5.77E-06
172.5546	5.25E-06
172.5973	5.70E-06
172.63655	5.84E-06
172.68835	5.74E-06
172.73905	5.88E-06
172.79035	5.49E-06
172.84265	5.63E-06
172.8939	5.64E-06
172.93245	5.69E-06
172.9717	5.90E-06
173.02415	5.31E-06
173.07755	5.89E-06
173.13115	5.85E-06
173.18465	5.45E-06
173.23825	5.78E-06
173.29125	6.31E-06
173.33135	5.75E-06
173.3731	5.60E-06
173.42675	5.69E-06
173.47895	5.08E-06
173.5368	5.66E-06
173.5948	5.29E-06
173.63535	5.34E-06
173.6764	5.48E-06
173.73015	5.68E-06
173.78385	5.53E-06
173.8375	5.36E-06
173.8909	6.10E-06
173.9459	5.71E-06
173.9991	5.57E-06
174.03805	5.49E-06
174.0792	5.42E-06
174.13285	6.11E-06
174.18615	5.74E-06
174.2393	5.50E-06
174.29315	5.30E-06
174.34845	5.43E-06
174.40115	5.54E-06
174.43995	5.89E-06
174.47995	5.48E-06
174.5337	5.53E-06
174.58735	5.17E-06
174.6388	5.37E-06
174.6915	5.88E-06
174.74525	5.48E-06
174.79865	5.55E-06
174.839	5.85E-06
174.87795	5.67E-06
174.9303	5.47E-06
174.98445	5.50E-06
175.03775	5.47E-06
175.094	5.41E-06
175.13755	5.55E-06
175.17765	5.60E-06
175.2311	5.63E-06
175.27795	5.72E-06
175.3288	5.70E-06
175.38625	5.86E-06
175.42755	5.71E-06
175.46905	5.43E-06
175.52755	5.41E-06
175.5856	5.81E-06
175.64065	5.44E-06
175.68205	5.33E-06
175.72335	5.63E-06
175.77915	5.11E-06
175.83355	5.50E-06
175.88795	5.09E-06
175.96975	4.92E-06
176.0507	5.04E-06
176.09105	5.74E-06
176.13095	5.60E-06
176.1838	5.44E-06
176.2376	5.11E-06
176.29185	5.72E-06
176.34445	5.38E-06
176.3977	5.20E-06
176.45245	5.12E-06
176.4914	4.94E-06
176.5306	5.21E-06
176.58415	4.84E-06
176.6368	5.71E-06
176.6886	4.84E-06
176.7405	5.02E-06
176.79395	5.49E-06
176.8468	5.26E-06
176.88545	5.50E-06
176.9248	5.67E-06
176.97885	5.85E-06
177.03315	4.78E-06
177.08695	5.02E-06
177.13945	5.76E-06
177.1908	5.36E-06
177.23435	5.67E-06
177.27875	5.62E-06
177.33175	5.34E-06
177.3845	5.40E-06
177.4382	5.25E-06
177.492	5.14E-06
177.5456	5.54E-06
177.58565	5.17E-06
177.6259	5.26E-06
177.67925	5.39E-06
177.73275	4.77E-06
177.78635	5.12E-06
177.8397	5.49E-06
177.894	5.05E-06
177.94725	4.99E-06
177.98645	5.45E-06
178.02615	5.70E-06
178.08375	5.68E-06
178.14215	4.58E-06
178.1953	5.45E-06
178.23405	5.45E-06
178.27505	5.13E-06
178.33365	5.51E-06
178.38965	5.12E-06
178.44235	5.25E-06
178.497	4.87E-06
178.5368	5.59E-06
178.5758	5.60E-06
178.62765	5.29E-06
178.6807	5.39E-06
178.73465	5.46E-06
178.7873	5.31E-06
178.8402	4.82E-06
178.8936	5.39E-06
178.9339	4.85E-06
178.9744	4.53E-06
179.02765	5.24E-06
179.08045	5.51E-06
179.13435	4.85E-06
179.18835	5.01E-06
179.24075	5.02E-06
179.2939	4.94E-06
179.3333	4.67E-06
179.3731	4.57E-06
179.42715	5.31E-06
179.4834	4.77E-06
179.54	5.00E-06
179.5935	5.18E-06
179.63405	5.17E-06
179.674	4.75E-06
179.7269	4.98E-06
179.78055	5.43E-06
179.83455	5.12E-06
179.88815	5.32E-06
179.94155	4.52E-06
179.99415	5.17E-06
180.0339	5.23E-06
180.0747	5.19E-06
180.12915	4.88E-06
180.183	4.77E-06
180.2384	5.26E-06
180.29545	5.38E-06
180.3366	4.48E-06
180.3765	4.74E-06
180.42985	5.10E-06
180.48345	5.05E-06
180.53585	4.70E-06
180.5887	4.99E-06
180.6424	5.24E-06
180.6948	4.93E-06
180.73495	4.87E-06
180.7751	5.02E-06
180.8283	4.68E-06
180.8828	4.80E-06
180.9363	5.01E-06
180.9898	5.00E-06
181.0442	4.86E-06
181.0836	4.95E-06
181.12325	4.59E-06
181.17685	4.96E-06
181.22965	4.82E-06
181.28205	4.67E-06
181.32145	4.56E-06
181.3669	5.07E-06
181.42625	4.90E-06
181.47985	4.61E-06
181.53265	4.58E-06
181.58575	4.28E-06
181.63825	4.90E-06
181.6902	4.55E-06
181.74265	5.74E-06
181.78295	4.65E-06
181.82335	5.26E-06
181.8767	4.81E-06
181.93005	5.00E-06
181.9832	4.72E-06
182.03635	4.78E-06
182.0889	5.05E-06
182.14265	5.17E-06
182.18315	4.95E-06
182.2228	4.70E-06
182.2763	4.85E-06
182.32945	5.31E-06
182.38215	5.31E-06
182.4384	5.11E-06
182.48245	4.92E-06
182.5271	4.82E-06
182.58355	4.89E-06
182.63635	4.72E-06
182.6895	4.86E-06
182.73075	4.35E-06
182.7713	5.23E-06
182.82395	5.01E-06
182.87745	4.44E-06
182.93015	4.50E-06
182.98415	4.96E-06
183.0385	4.54E-06
183.0925	4.71E-06
183.13255	5.07E-06
183.1726	5.02E-06
183.22635	4.70E-06
183.27845	4.58E-06
183.3313	4.87E-06
183.3854	4.81E-06
183.43845	5.00E-06
183.4914	4.65E-06
183.53135	5.23E-06
183.5718	4.73E-06
183.62565	5.05E-06
183.67895	4.85E-06
183.7317	4.92E-06
183.78475	4.86E-06
183.83815	4.79E-06
183.8919	5.03E-06
183.93235	4.54E-06
183.9721	4.43E-06
184.0254	5.22E-06
184.0781	5.09E-06
184.1321	4.59E-06
184.1854	4.63E-06
184.2245	4.90E-06
184.26835	4.28E-06
184.3251	4.72E-06
184.382	3.30E-06
184.4385	4.51E-06
184.49095	4.76E-06
184.53155	5.22E-06
184.57295	4.75E-06
184.6267	4.47E-06
184.6792	5.01E-06
184.7329	4.56E-06
184.78725	4.58E-06
184.8394	4.82E-06
184.89205	4.90E-06
184.93235	4.84E-06
184.9724	4.86E-06
185.0249	4.23E-06
185.0778	5.00E-06
185.1317	4.63E-06
185.18525	4.75E-06
185.2385	5.11E-06
185.29195	4.85E-06
185.33225	4.64E-06
185.37225	5.16E-06
185.42595	4.50E-06
185.48305	4.55E-06
185.54005	4.46E-06
185.5797	4.82E-06
185.6191	4.78E-06
185.67255	4.61E-06
185.726	4.63E-06
185.7796	4.44E-06
185.83295	4.61E-06
185.88685	4.77E-06
185.94105	5.27E-06
185.9809	5.03E-06
186.02015	4.46E-06
186.0733	4.48E-06
186.1262	4.72E-06
186.17445	4.77E-06
186.21435	4.63E-06
186.24395	4.86E-06
186.2612	4.96E-06
186.2653	4.88E-06
186.25775	4.88E-06
186.2378	4.70E-06
186.2019	4.60E-06
186.1502	4.64E-06
186.0847	4.80E-06
186.00615	4.62E-06
185.91625	5.00E-06
185.8417	4.59E-06
