4.28284	7.64894E-09
5.36102	8.03994E-09
6.33138	7.69781E-09
7.10978	7.97884E-09
7.78254	7.71003E-09
8.3997	7.68559E-09
8.98808	7.40456E-09
9.56662	7.61228E-09
10.14248	7.50231E-09
10.71804	7.41678E-09
11.27066	6.95247E-09
11.76972	7.18463E-09
12.27232	6.62256E-09
12.7941	6.42706E-09
13.31824	6.31709E-09
13.84346	6.41484E-09
14.37654	6.10938E-09
14.8984	6.36597E-09
15.41854	5.77947E-09
15.92112	5.73059E-09
16.41904	5.82834E-09
16.89654	5.87722E-09
17.3633	5.46178E-09
17.8201	5.69394E-09
18.25916	5.15631E-09
18.68456	5.18075E-09
19.10012	4.61869E-09
19.50822	4.91194E-09
19.91444	5.33959E-09
20.3114	5.04634E-09
20.69206	4.52094E-09
21.08392	4.76531E-09
21.46712	4.74088E-09
21.84442	4.54538E-09
22.21472	4.97303E-09
22.58392	5.14409E-09
22.96168	5.21741E-09
23.32586	5.18075E-09
23.69416	5.10744E-09
24.05584	4.99747E-09
24.41742	5.09522E-09
24.77726	4.47206E-09
25.13482	5.22963E-09
25.49338	4.59425E-09
25.8369	5.00969E-09
26.19046	5.05856E-09
26.52546	4.70422E-09
26.87126	4.58203E-09
27.19968	4.80197E-09
27.53668	4.8875E-09
27.87074	5.14409E-09
28.1902	4.75309E-09
28.516	4.38653E-09
28.8404	5.18075E-09
29.15422	4.93638E-09
29.45904	5.31516E-09
29.7671	4.80197E-09
30.07914	5.48622E-09
30.38252	4.70422E-09
30.67994	4.74088E-09
30.9712	5.04634E-09
31.2608	5.42513E-09
31.5594	5.29072E-09
31.85272	5.35181E-09
32.14044	5.00969E-09
32.42484	4.92416E-09
32.70524	5.04634E-09
32.98008	4.92416E-09
33.25092	5.13188E-09
33.5284	4.77753E-09
33.8049	5.19297E-09
34.0772	5.42513E-09
34.34562	5.2785E-09
34.61124	5.55953E-09
34.87396	5.80391E-09
35.13426	5.53509E-09
35.38994	5.42513E-09
35.64388	5.59619E-09
35.90336	5.11966E-09
36.16304	5.93831E-09
36.42042	5.6695E-09
36.6748	5.13188E-09
36.92676	5.75503E-09
37.17706	5.44956E-09
37.42506	5.37625E-09
37.67192	5.57175E-09
37.91844	5.69394E-09
38.16158	5.77947E-09
38.40346	5.48622E-09
38.64384	6.14603E-09
38.88744	5.69394E-09
39.13276	5.53509E-09
39.37716	5.43734E-09
39.62064	5.54731E-09
39.864	5.6695E-09
40.10578	5.52288E-09
40.34578	5.57175E-09
40.5853	5.51066E-09
40.82336	5.54731E-09
41.0593	5.75503E-09
41.29468	6.04828E-09
41.52926	5.16853E-09
41.76244	5.85278E-09
41.9943	5.71838E-09
42.2244	5.85278E-09
42.45424	5.79169E-09
42.68282	5.55953E-09
42.90834	6.40263E-09
43.13194	5.73059E-09
43.355	5.92609E-09
43.57662	6.31709E-09
43.79702	5.35181E-09
44.01586	5.55953E-09
44.23306	6.68366E-09
44.44998	6.21934E-09
44.66582	5.98719E-09
44.87992	6.70809E-09
45.0934	6.40263E-09
45.30542	6.256E-09
45.51644	6.39041E-09
45.72678	6.14603E-09
45.9356	6.65922E-09
46.1443	6.15825E-09
46.3519	5.92609E-09
46.55896	6.67144E-09
46.76448	6.21934E-09
46.96956	6.19491E-09
47.17436	5.84056E-09
47.3778	5.80391E-09
47.58014	6.24378E-09
47.782	6.67144E-09
47.98296	5.95053E-09
48.18292	5.81613E-09
48.38176	6.34153E-09
48.57992	6.40263E-09
48.7766	7.16019E-09
48.97274	6.0605E-09
49.16694	6.63478E-09
49.35824	6.30488E-09
49.54878	6.58591E-09
49.73834	6.0605E-09
49.9266	6.29266E-09
50.11374	6.57369E-09
50.2996	6.61034E-09
50.48484	6.89138E-09
50.66882	6.41484E-09
50.85286	6.32931E-09
51.03534	6.36597E-09
51.21654	6.31709E-09
51.39706	6.8425E-09
51.57622	7.13575E-09
51.75502	6.53703E-09
51.93276	6.56147E-09
52.10964	7.19684E-09
52.28644	6.67144E-09
52.46202	7.18463E-09
52.63728	6.59813E-09
52.81274	6.61034E-09
52.98702	6.78141E-09
53.16032	6.65922E-09
53.33364	6.87916E-09
53.50548	6.97691E-09
53.6778	6.83028E-09
53.84946	7.08688E-09
54.02064	7.28238E-09
54.19194	6.647E-09
54.36282	6.76919E-09
54.53234	7.14797E-09
54.70228	6.80584E-09
54.87208	6.10938E-09
55.04134	6.86694E-09
55.21004	6.94025E-09
55.3786	6.67144E-09
55.54696	6.52481E-09
55.71476	7.35569E-09
55.88288	7.14797E-09
56.04944	6.81806E-09
56.21662	7.06244E-09
56.3832	6.70809E-09
56.54676	6.81806E-09
56.7106	6.36597E-09
56.87336	6.36597E-09
57.0359	7.46566E-09
57.19768	7.18463E-09
57.35992	6.86694E-09
57.52152	6.28044E-09
57.68302	6.4515E-09
57.8443	6.52481E-09
58.00506	6.14603E-09
58.16604	6.96469E-09
58.32632	6.87916E-09
58.48658	6.67144E-09
58.64718	7.22128E-09
58.80712	6.96469E-09
58.96676	6.54925E-09
59.12588	6.98913E-09
59.28482	6.85472E-09
59.44316	6.83028E-09
59.60132	6.95247E-09
59.75992	6.54925E-09
59.918	7.13575E-09
60.07638	6.57369E-09
60.2341	6.48816E-09
60.39122	6.85472E-09
60.54886	7.06244E-09
60.70554	7.06244E-09
60.86192	7.24572E-09
61.018	6.67144E-09
61.17428	6.73253E-09
61.33018	6.61034E-09
61.48634	6.63478E-09
61.64176	6.48816E-09
61.79704	6.78141E-09
61.95262	6.91581E-09
62.10714	6.98913E-09
62.26278	7.25794E-09
62.41728	6.46372E-09
62.57138	6.67144E-09
62.72556	6.80584E-09
62.87946	6.43928E-09
63.03276	7.27016E-09
63.18402	6.69588E-09
63.33466	6.14603E-09
63.48494	6.61034E-09
63.63538	7.06244E-09
63.78622	6.63478E-09
63.93614	6.91581E-09
64.0861	6.96469E-09
64.23554	6.79363E-09
64.38514	6.40263E-09
64.5343	6.87916E-09
64.68364	6.80584E-09
64.8321	6.32931E-09
64.98128	6.40263E-09
65.12944	6.47594E-09
65.27762	6.19491E-09
65.42606	6.34153E-09
65.57498	6.48816E-09
65.7228	7.038E-09
65.87128	6.29266E-09
66.02574	6.35375E-09
66.17278	6.53703E-09
66.32034	6.48816E-09
66.46742	6.65922E-09
66.61488	6.76919E-09
66.7617	6.35375E-09
66.90828	6.86694E-09
67.05472	6.86694E-09
67.20086	6.90359E-09
67.34694	6.58591E-09
67.49302	6.78141E-09
67.63896	6.81806E-09
67.78438	6.48816E-09
67.9305	6.256E-09
68.07562	6.13381E-09
68.22078	6.58591E-09
68.36574	6.09716E-09
68.51088	6.91581E-09
68.65538	6.37819E-09
68.8001	6.89138E-09
68.94424	6.62256E-09
69.08708	6.53703E-09
69.22916	6.97691E-09
69.37092	6.48816E-09
69.51216	6.69588E-09
69.65304	6.97691E-09
69.79412	6.18269E-09
69.93526	6.89138E-09
70.07564	6.56147E-09
70.21584	6.91581E-09
70.35652	6.52481E-09
70.49746	6.98913E-09
70.63812	7.07466E-09
70.7782	6.69588E-09
70.91816	6.32931E-09
71.05778	6.96469E-09
71.19718	6.8425E-09
71.33684	6.79363E-09
71.47652	6.87916E-09
71.61648	6.98913E-09
71.75532	6.94025E-09
71.89438	7.12353E-09
72.0335	6.58591E-09
72.1723	7.13575E-09
72.31046	7.18463E-09
72.4493	6.8425E-09
72.5876	7.14797E-09
72.72604	6.92803E-09
72.86488	7.00134E-09
73.00308	6.78141E-09
73.14112	7.17241E-09
73.27864	6.35375E-09
73.41674	6.36597E-09
73.55446	6.69588E-09
73.69196	7.038E-09
73.82928	6.73253E-09
73.96694	7.01356E-09
74.10428	7.05022E-09
74.24122	6.72031E-09
74.37798	7.29459E-09
74.51546	7.07466E-09
74.6543	6.85472E-09
74.79188	7.00134E-09
74.92876	7.44122E-09
75.06338	6.98913E-09
75.19726	7.31903E-09
75.3314	6.83028E-09
75.46452	7.52675E-09
75.59806	7.73447E-09
75.73208	7.44122E-09
75.86534	7.53897E-09
75.99832	7.80778E-09
76.13148	7.46566E-09
76.2638	8.45538E-09
76.39632	8.49203E-09
76.52934	9.20072E-09
76.66246	9.66503E-09
76.79486	9.83609E-09
76.92786	1.08014E-08
77.06036	1.12413E-08
77.1931	1.23409E-08
77.32526	1.26953E-08
77.45646	1.38561E-08
77.58856	1.38805E-08
77.72064	1.53345E-08
77.8525	1.62021E-08
77.98506	1.75828E-08
78.11662	1.9049E-08
78.2484	2.16394E-08
78.37988	2.44008E-08
78.51132	2.70768E-08
78.64224	2.92395E-08
78.77364	3.06691E-08
78.90464	3.17932E-08
79.03612	3.1952E-08
79.16716	3.22575E-08
79.29798	3.25141E-08
79.4289	3.23064E-08
79.55952	3.2954E-08
79.68972	3.2844E-08
79.82036	3.29906E-08
79.9511	3.34305E-08
80.0815	3.37604E-08
80.21244	3.31861E-08
80.34328	3.35649E-08
80.47346	3.34672E-08
80.6031	3.33083E-08
80.73322	3.41636E-08
80.86248	3.40414E-08
80.99228	3.38948E-08
81.12012	3.41758E-08
81.24792	3.48601E-08
81.37548	3.4689E-08
81.50312	3.43225E-08
81.63016	3.4518E-08
81.75702	3.48234E-08
81.88412	3.4518E-08
82.01056	3.4689E-08
82.1373	3.57521E-08
82.2641	3.49334E-08
82.39132	3.56788E-08
82.5181	3.49823E-08
82.64462	3.49823E-08
82.77146	3.57032E-08
82.89812	3.56299E-08
83.02436	3.51045E-08
83.15052	3.57154E-08
83.27666	3.57887E-08
83.40266	3.5691E-08
83.5288	3.50556E-08
83.65528	3.57887E-08
83.78178	3.57765E-08
83.90796	3.53122E-08
84.03382	3.55077E-08
84.15932	3.57521E-08
84.28492	3.62653E-08
84.41022	3.61186E-08
84.53588	3.6644E-08
84.6615	3.6473E-08
84.78672	3.64608E-08
84.9132	3.70228E-08
85.03846	3.66685E-08
85.16376	3.71206E-08
85.28856	3.67051E-08
85.4133	3.69373E-08
85.53818	3.70473E-08
85.66314	3.71939E-08
85.78818	3.73649E-08
85.9139	3.71083E-08
86.03856	3.69373E-08
86.16358	3.80125E-08
86.28804	3.79881E-08
86.41296	3.70961E-08
86.5374	3.75482E-08
86.66188	3.76704E-08
86.78614	3.81714E-08
86.91102	3.8318E-08
87.03452	3.74993E-08
87.15664	3.76215E-08
87.27856	3.78293E-08
87.40034	3.73894E-08
87.52202	3.8208E-08
87.64346	3.8208E-08
87.76516	3.80003E-08
87.88698	3.83058E-08
88.00864	3.82936E-08
88.13034	3.8599E-08
88.25184	3.8208E-08
88.37312	3.83058E-08
88.49444	3.86968E-08
88.6155	3.8208E-08
88.73698	3.8037E-08
88.85816	3.80248E-08
88.97926	3.89289E-08
89.09992	3.82325E-08
89.22102	3.88801E-08
89.34158	3.86723E-08
89.46252	3.87701E-08
89.58358	3.84646E-08
89.70406	3.85868E-08
89.8246	3.88068E-08
89.94572	3.86846E-08
90.06608	3.88068E-08
90.1869	3.88312E-08
90.30714	3.91E-08
90.42782	3.8318E-08
90.54806	3.88068E-08
90.668	3.86968E-08
90.78856	3.90145E-08
90.9093	3.89412E-08
91.0295	3.8819E-08
91.14962	3.91978E-08
91.2698	3.90023E-08
91.38958	3.95399E-08
91.50972	3.93933E-08
91.62952	3.92833E-08
91.74934	3.91733E-08
91.86956	3.91367E-08
91.98922	3.91122E-08
92.10926	3.93199E-08
92.22904	3.93322E-08
92.34818	3.97232E-08
92.46836	3.96865E-08
92.58748	3.99798E-08
92.70686	4.06151E-08
92.82646	4.01142E-08
92.94692	4.01386E-08
93.06564	4.02363E-08
93.1853	4.04563E-08
93.30422	3.99431E-08
93.42362	4.01508E-08
93.5419	4.00408E-08
93.65864	4.02486E-08
93.77588	3.95521E-08
93.89366	4.04074E-08
94.01056	4.01142E-08
94.1273	4.07251E-08
94.24372	4.00897E-08
94.3604	4.04074E-08
94.4774	4.00408E-08
94.59392	4.09939E-08
94.71048	4.08473E-08
94.8278	4.02852E-08
94.9443	4.07984E-08
95.06082	4.07862E-08
95.17678	4.04196E-08
95.2933	4.09573E-08
95.40984	4.10428E-08
95.52622	4.01753E-08
95.6425	4.08717E-08
95.75936	4.10183E-08
95.87556	4.09573E-08
95.99194	4.12016E-08
96.1079	4.09695E-08
96.22378	4.15071E-08
96.33966	4.12138E-08
96.45576	4.05418E-08
96.57156	4.10917E-08
96.6877	4.14338E-08
96.804	4.15315E-08
96.92004	4.18614E-08
97.03566	4.15193E-08
97.15138	4.18859E-08
97.26672	4.16293E-08
97.38242	4.14704E-08
97.49866	4.1947E-08
97.61406	4.18492E-08
97.72964	4.1336E-08
97.84552	4.1837E-08
97.96134	4.20447E-08
98.0763	4.22647E-08
98.19174	4.20447E-08
98.30692	4.20447E-08
98.42242	4.19714E-08
98.53746	4.21303E-08
98.65252	4.26801E-08
98.76806	4.20203E-08
98.8837	4.28878E-08
98.99894	4.21669E-08
99.1139	4.2118E-08
99.22894	4.22891E-08
99.3437	4.24113E-08
99.45876	4.23991E-08
99.5737	4.22647E-08
99.68852	4.26801E-08
99.80328	4.21058E-08
99.91822	4.22036E-08
100.03374	4.24235E-08
100.1478	4.26679E-08
100.2632	4.30833E-08
100.3772	4.28145E-08
100.4922	4.24846E-08
100.6042	4.28145E-08
100.7168	4.29978E-08
100.829	4.30344E-08
100.9416	4.31444E-08
101.0534	4.2729E-08
101.1652	4.29123E-08
101.2776	4.28512E-08
101.3896	4.34988E-08
101.5014	4.30222E-08
101.6132	4.26068E-08
101.7256	4.28267E-08
101.8376	4.28756E-08
101.949	4.30833E-08
102.0604	4.27656E-08
102.1724	4.32788E-08
102.2842	4.3291E-08
102.3956	4.35476E-08
102.5072	4.25457E-08
102.619	4.38409E-08
102.7312	4.38287E-08
102.8426	4.38531E-08
102.954	4.35965E-08
103.0656	4.40486E-08
103.1766	4.35354E-08
103.2878	4.36087E-08
103.399	4.38898E-08
103.5102	4.34499E-08
103.6222	4.37187E-08
103.7336	4.36209E-08
103.8442	4.38409E-08
103.9556	4.35232E-08
104.0666	4.36943E-08
104.1778	4.33033E-08
104.2886	4.37798E-08
104.3996	4.39264E-08
104.5108	4.40486E-08
104.6218	4.37798E-08
104.7324	4.39142E-08
104.8434	4.36332E-08
104.954	4.36943E-08
105.0654	4.42074E-08
105.1764	4.42197E-08
105.2876	4.4183E-08
105.3976	4.41952E-08
105.509	4.45129E-08
105.6202	4.37431E-08
105.7306	4.50994E-08
105.841	4.50383E-08
105.9516	4.38898E-08
106.0622	4.44518E-08
106.1726	4.42563E-08
106.2828	4.44885E-08
106.3934	4.45496E-08
106.504	4.44274E-08
106.615	4.47817E-08
106.7254	4.50139E-08
106.8356	4.48917E-08
106.9458	4.48428E-08
107.0556	4.54538E-08
107.1656	4.53682E-08
107.2762	4.51727E-08
107.3868	4.50872E-08
107.4972	4.51483E-08
107.6076	4.51849E-08
107.7174	4.51116E-08
107.8272	4.53682E-08
107.9372	4.43296E-08
108.0474	4.51605E-08
108.157	4.51727E-08
108.268	4.55515E-08
108.3778	4.49039E-08
108.4876	4.48795E-08
108.5974	4.57837E-08
108.707	4.49528E-08
108.817	4.55393E-08
108.927	4.51116E-08
109.036	4.55515E-08
109.1432	4.61624E-08
109.2506	4.58692E-08
109.358	4.52827E-08
109.4658	4.52827E-08
109.573	4.56126E-08
109.6802	4.55026E-08
109.7878	4.60647E-08
109.8952	4.55148E-08
110.0024	4.63335E-08
110.1094	4.61869E-08
110.2172	4.57592E-08
110.3244	4.54171E-08
110.4314	4.59058E-08
110.5386	4.59547E-08
110.645	4.56004E-08
110.7524	4.57103E-08
110.8594	4.59914E-08
110.966	4.58081E-08
111.0726	4.57103E-08
111.18	4.55515E-08
111.2874	4.55148E-08
111.3942	4.56615E-08
111.5008	4.51972E-08
111.6076	4.58936E-08
111.7142	4.61747E-08
111.8208	4.6138E-08
111.928	4.62846E-08
112.0348	4.60158E-08
112.1414	4.60403E-08
112.2488	4.61624E-08
112.3554	4.6028E-08
112.4614	4.63702E-08
112.5684	4.6248E-08
112.6746	4.65534E-08
112.7812	4.68589E-08
112.8882	4.68345E-08
112.9948	4.72621E-08
113.1012	4.6419E-08
113.2078	4.64313E-08
113.3138	4.72377E-08
113.4198	4.67856E-08
113.5266	4.67612E-08
113.6326	4.7201E-08
113.739	4.71277E-08
113.845	4.68833E-08
113.9518	4.72743E-08
114.0586	4.66878E-08
114.1642	4.69811E-08
114.2704	4.69811E-08
114.3764	4.72377E-08
114.4824	4.70178E-08
114.5886	4.74332E-08
114.6944	4.69689E-08
114.8008	4.63213E-08
114.9076	4.71155E-08
115.0138	4.7201E-08
115.119	4.69444E-08
115.2254	4.68956E-08
115.331	4.66634E-08
115.4366	4.73477E-08
115.5424	4.74088E-08
115.6484	4.75432E-08
115.7554	4.77264E-08
115.8608	4.77509E-08
115.9662	4.76653E-08
116.072	4.74698E-08
116.1772	4.72621E-08
116.2826	4.74454E-08
116.3884	4.73599E-08
116.4942	4.70055E-08
116.6002	4.76898E-08
116.7066	4.76776E-08
116.8112	4.74821E-08
116.917	4.77998E-08
117.0224	4.76165E-08
117.1274	4.73477E-08
117.2324	4.76898E-08
117.3382	4.77631E-08
117.4436	4.74698E-08
117.5498	4.78853E-08
117.655	4.72499E-08
117.7604	4.75309E-08
117.8658	4.7983E-08
117.971	4.7812E-08
118.0744	4.77753E-08
118.1778	4.83863E-08
118.2808	4.84351E-08
118.3848	4.81297E-08
118.4878	4.77509E-08
118.5908	4.79097E-08
118.6946	4.82152E-08
118.7974	4.82641E-08
118.9008	4.85695E-08
119.0026	4.82152E-08
119.1058	4.73477E-08
119.2092	4.8484E-08
119.312	4.80319E-08
119.416	4.77631E-08
119.5186	4.82274E-08
119.6214	4.85573E-08
119.7246	4.81419E-08
119.8274	4.79464E-08
119.9298	4.81297E-08
120.0328	4.83985E-08
120.1358	4.77509E-08
120.2386	4.79464E-08
120.342	4.80686E-08
120.4446	4.82152E-08
120.5474	4.85084E-08
120.6502	4.87406E-08
120.7526	4.83007E-08
120.855	4.81174E-08
120.9578	4.87162E-08
121.06	4.85695E-08
121.1628	4.85451E-08
121.2662	4.8985E-08
121.3684	4.88872E-08
121.4716	4.87406E-08
121.574	4.81052E-08
121.6764	4.88506E-08
121.7784	4.84718E-08
121.8806	4.88628E-08
121.9838	4.90461E-08
122.0862	4.84473E-08
122.1882	4.86917E-08
122.2908	4.86795E-08
122.393	4.87895E-08
122.4954	4.85695E-08
122.5978	4.91683E-08
122.7008	4.86673E-08
122.8028	4.89972E-08
122.9054	4.90949E-08
123.0076	4.93515E-08
123.1096	4.89483E-08
123.212	4.90827E-08
123.3142	4.88139E-08
123.4162	4.88872E-08
123.518	4.8985E-08
123.6206	4.9376E-08
123.723	4.92171E-08
123.8244	4.90827E-08
123.927	4.9376E-08
124.0288	4.91438E-08
124.131	4.92416E-08
124.2336	4.91927E-08
124.3356	4.92171E-08
124.4382	4.89972E-08
124.5392	4.94493E-08
124.6412	4.94004E-08
124.7436	4.95593E-08
124.8452	4.93393E-08
124.9468	4.92904E-08
125.0486	4.93027E-08
125.1504	4.92171E-08
125.2532	4.91316E-08
125.355	4.97914E-08
125.4568	4.97548E-08
125.5582	4.93149E-08
125.66	4.96814E-08
125.7616	4.91194E-08
125.8634	4.98036E-08
125.9654	4.96081E-08
126.0674	4.98158E-08
126.1698	5.0048E-08
126.271	4.99258E-08
126.3722	4.95715E-08
126.4736	4.98892E-08
126.5752	4.92904E-08
126.6772	5.00236E-08
126.7786	4.98525E-08
126.8804	5.01946E-08
126.9824	4.98892E-08
127.0834	4.99136E-08
127.185	5.04757E-08
127.2862	5.02802E-08
127.3882	4.99869E-08
127.4892	4.98158E-08
127.589	5.02557E-08
127.6888	4.96692E-08
127.788	5.01702E-08
127.8888	4.96081E-08
127.988	4.97059E-08
128.0872	5.02435E-08
128.1868	5.00236E-08
128.2856	5.05001E-08
128.385	5.06589E-08
128.4844	5.0329E-08
128.5846	4.99869E-08
128.6842	5.01458E-08
128.783	5.0158E-08
128.883	5.02313E-08
128.9818	5.03413E-08
129.0814	5.00969E-08
129.1808	5.04879E-08
129.2796	5.01458E-08
129.379	5.02557E-08
129.4792	4.99747E-08
129.5774	5.07323E-08
129.6772	4.98525E-08
129.7764	5.04512E-08
129.8754	5.06956E-08
129.9746	5.08911E-08
130.0736	5.05856E-08
130.1728	5.06589E-08
130.2722	5.0329E-08
130.371	5.07078E-08
130.4702	5.07323E-08
130.569	5.06589E-08
130.6678	5.06467E-08
130.7668	5.04023E-08
130.8654	5.13065E-08
130.9648	5.05123E-08
131.0632	5.05734E-08
131.163	5.15631E-08
131.2614	5.07811E-08
131.3608	5.04757E-08
131.4594	5.09155E-08
131.5584	5.07689E-08
131.657	5.10499E-08
131.7558	5.094E-08
131.8548	5.04023E-08
131.953	5.14287E-08
132.0518	5.08178E-08
132.151	5.12699E-08
132.2492	5.11966E-08
132.3476	5.14043E-08
132.4466	5.1502E-08
132.545	5.12943E-08
132.6442	5.06712E-08
132.7418	5.09644E-08
132.8408	5.11843E-08
132.9392	5.09644E-08
133.0376	5.08544E-08
133.1358	5.05734E-08
133.2342	5.07811E-08
133.3332	5.11599E-08
133.4316	5.07811E-08
133.53	5.15143E-08
133.628	5.13065E-08
133.726	5.13065E-08
133.8242	5.1221E-08
133.9222	5.07323E-08
134.0206	5.08544E-08
134.119	5.07933E-08
134.2168	5.12699E-08
134.3146	5.08667E-08
134.4128	5.08422E-08
134.51	5.11843E-08
134.608	5.08911E-08
134.7052	5.15265E-08
134.8038	5.09888E-08
134.9014	5.08422E-08
134.9994	5.11966E-08
135.098	5.11843E-08
135.1952	5.16853E-08
135.2924	5.10622E-08
135.39	5.15753E-08
135.488	5.15143E-08
135.5856	5.08911E-08
135.6832	5.05734E-08
135.7812	5.14898E-08
135.8784	5.1221E-08
135.9756	5.20274E-08
136.0732	5.1221E-08
136.1708	5.10255E-08
136.2678	5.083E-08
136.3652	5.12088E-08
136.4624	5.12577E-08
136.5598	5.10988E-08
136.6576	5.11233E-08
136.7548	5.09766E-08
136.852	5.15631E-08
136.9492	5.19175E-08
137.0462	5.1722E-08
137.1436	5.15143E-08
137.2402	5.14654E-08
137.3376	5.11477E-08
137.435	5.13921E-08
137.5318	5.18564E-08
137.627	5.09155E-08
137.7222	5.1722E-08
137.817	5.19786E-08
137.9128	5.20885E-08
138.0074	5.14043E-08
138.103	5.10744E-08
138.198	5.18808E-08
138.2938	5.13676E-08
138.389	5.21985E-08
138.484	5.15387E-08
138.5794	5.16364E-08
138.674	5.1221E-08
138.7694	5.19175E-08
138.8644	5.14532E-08
138.9596	5.17831E-08
139.0542	5.18075E-08
139.1492	5.19297E-08
139.2446	5.2113E-08
139.3394	5.20519E-08
139.4342	5.19297E-08
139.529	5.15998E-08
139.6244	5.20152E-08
139.719	5.16364E-08
139.8134	5.16487E-08
139.908	5.19663E-08
140.0032	5.15998E-08
140.0974	5.15998E-08
140.1928	5.2284E-08
140.2868	5.21741E-08
140.3816	5.17464E-08
140.4762	5.23451E-08
140.571	5.2113E-08
140.6652	5.17464E-08
140.7598	5.18197E-08
140.8538	5.22596E-08
140.9484	5.21252E-08
141.0434	5.20641E-08
141.137	5.21863E-08
141.2322	5.20397E-08
141.3264	5.18075E-08
141.4202	5.23818E-08
141.5144	5.17953E-08
141.609	5.21252E-08
141.703	5.22596E-08
141.797	5.23451E-08
141.8916	5.23818E-08
141.9854	5.22474E-08
142.0804	5.17098E-08
142.1744	5.24918E-08
142.268	5.2394E-08
142.3624	5.18442E-08
142.4558	5.21252E-08
142.5496	5.24062E-08
142.644	5.19297E-08
142.7374	5.24673E-08
142.8322	5.20641E-08
142.9254	5.21618E-08
143.0194	5.22352E-08
143.1126	5.26873E-08
143.2066	5.22474E-08
143.3	5.26262E-08
143.3942	5.22596E-08
143.4878	5.27361E-08
143.5814	5.23085E-08
143.6752	5.19053E-08
143.7688	5.29194E-08
143.8624	5.24551E-08
143.9556	5.28461E-08
144.0482	5.2003E-08
144.1426	5.2394E-08
144.236	5.26995E-08
144.3298	5.22963E-08
144.4228	5.25528E-08
144.516	5.23085E-08
144.6096	5.25284E-08
144.7024	5.28094E-08
144.7954	5.23573E-08
144.8886	5.25651E-08
144.983	5.26262E-08
145.0756	5.25406E-08
145.1686	5.25162E-08
145.2622	5.22718E-08
145.3554	5.26262E-08
145.448	5.26262E-08
145.541	5.25895E-08
145.6338	5.29683E-08
145.7268	5.27361E-08
145.8202	5.26384E-08
145.9128	5.28217E-08
146.0058	5.26506E-08
146.0986	5.2504E-08
146.1914	5.25773E-08
146.284	5.25284E-08
146.3778	5.28828E-08
146.47	5.25284E-08
146.5626	5.25162E-08
146.655	5.24551E-08
146.7476	5.24184E-08
146.8404	5.30172E-08
146.9332	5.31393E-08
147.026	5.28461E-08
147.1188	5.24673E-08
147.2108	5.30172E-08
147.3034	5.29072E-08
147.3958	5.26017E-08
147.488	5.27483E-08
147.581	5.30172E-08
147.6734	5.26384E-08
147.7656	5.27483E-08
147.8578	5.25773E-08
147.9496	5.25528E-08
148.0416	5.3176E-08
148.1318	5.30049E-08
148.2226	5.25284E-08
148.3132	5.27483E-08
148.404	5.27972E-08
148.4948	5.26262E-08
148.5854	5.28828E-08
148.6756	5.24795E-08
148.7658	5.27606E-08
148.8564	5.26995E-08
148.9464	5.29561E-08
149.0366	5.31516E-08
149.1274	5.26995E-08
149.2178	5.29316E-08
149.3084	5.31271E-08
149.3986	5.24062E-08
149.4888	5.25528E-08
149.5788	5.30294E-08
149.669	5.26506E-08
149.7586	5.27239E-08
149.8498	5.26995E-08
149.94	5.27728E-08
150.0298	5.25528E-08
150.1198	5.29561E-08
150.2096	5.3176E-08
150.2996	5.29194E-08
150.3888	5.32738E-08
150.4792	5.27728E-08
150.5694	5.30294E-08
150.6588	5.27606E-08
150.7488	5.3176E-08
150.8388	5.33226E-08
150.9284	5.37136E-08
151.0182	5.2785E-08
151.108	5.27606E-08
151.198	5.28461E-08
151.287	5.32249E-08
151.3766	5.34082E-08
151.4664	5.33348E-08
151.556	5.34204E-08
151.6454	5.2785E-08
151.735	5.24551E-08
151.825	5.32249E-08
151.9144	5.33104E-08
152.0032	5.33104E-08
152.0928	5.29927E-08
152.1816	5.31393E-08
152.271	5.34204E-08
152.3602	5.29683E-08
152.45	5.28583E-08
152.5396	5.26628E-08
152.6288	5.28461E-08
152.718	5.40558E-08
152.8068	5.25528E-08
152.8958	5.32249E-08
152.985	5.3567E-08
153.0742	5.37992E-08
153.1638	5.30294E-08
153.2522	5.33348E-08
153.3412	5.31149E-08
153.4298	5.35426E-08
153.5192	5.32493E-08
153.6076	5.31393E-08
153.6968	5.30538E-08
153.7854	5.33959E-08
153.8746	5.32004E-08
153.9636	5.37869E-08
154.0522	5.3286E-08
154.141	5.32615E-08
154.229	5.32249E-08
154.318	5.32249E-08
154.407	5.33959E-08
154.4958	5.34082E-08
154.584	5.33471E-08
154.673	5.29683E-08
154.7612	5.31149E-08
154.8494	5.34815E-08
154.938	5.33837E-08
155.0268	5.38236E-08
155.115	5.37014E-08
155.2036	5.35181E-08
155.2916	5.39947E-08
155.3798	5.35059E-08
155.468	5.32371E-08
155.5564	5.34326E-08
155.6442	5.33348E-08
155.7326	5.39947E-08
155.8218	5.32493E-08
155.9096	5.33959E-08
155.9974	5.38725E-08
156.0854	5.32127E-08
156.1726	5.37869E-08
156.2606	5.36648E-08
156.349	5.35303E-08
156.4374	5.33471E-08
156.5252	5.32493E-08
156.6126	5.34326E-08
156.7004	5.34204E-08
156.7886	5.37258E-08
156.8764	5.34937E-08
156.9636	5.36892E-08
157.0516	5.35426E-08
157.1396	5.35303E-08
157.227	5.37503E-08
157.3142	5.32738E-08
157.4022	5.30172E-08
157.4898	5.35426E-08
157.5772	5.42146E-08
157.665	5.37258E-08
157.7524	5.37014E-08
157.8402	5.38725E-08
157.9272	5.41413E-08
158.0144	5.42024E-08
158.1022	5.40313E-08
158.1892	5.40802E-08
158.2766	5.38236E-08
158.3632	5.44712E-08
158.451	5.38114E-08
158.538	5.43368E-08
158.625	5.42879E-08
158.712	5.40313E-08
158.7998	5.43734E-08
158.8868	5.39702E-08
158.9734	5.39702E-08
159.061	5.40802E-08
159.1486	5.49233E-08
159.235	5.37625E-08
159.3212	5.40802E-08
159.4088	5.41168E-08
159.4952	5.43246E-08
159.5814	5.42268E-08
159.667	5.38358E-08
159.7522	5.42635E-08
159.8386	5.38725E-08
159.9232	5.39947E-08
160.0092	5.4349E-08
160.094	5.41046E-08
160.1796	5.43612E-08
160.265	5.463E-08
160.3506	5.39824E-08
160.4358	5.40924E-08
160.5208	5.42757E-08
160.6062	5.43123E-08
160.6908	5.41413E-08
160.7768	5.39824E-08
160.8614	5.43734E-08
160.9468	5.4349E-08
161.0318	5.47278E-08
161.1166	5.40069E-08
161.2016	5.42757E-08
161.2876	5.44345E-08
161.3722	5.4349E-08
161.4572	5.46056E-08
161.5416	5.42268E-08
161.6264	5.46667E-08
161.7116	5.42513E-08
161.7952	5.4459E-08
161.881	5.4459E-08
161.966	5.38847E-08
162.0502	5.45812E-08
162.135	5.50333E-08
162.2194	5.47156E-08
162.3044	5.40313E-08
162.3884	5.43734E-08
162.4732	5.43123E-08
162.5584	5.42024E-08
162.642	5.49599E-08
162.7272	5.48744E-08
162.8112	5.43979E-08
162.8956	5.45445E-08
162.98	5.43734E-08
163.0636	5.43612E-08
163.1484	5.46178E-08
163.2332	5.47644E-08
163.3172	5.43612E-08
163.4016	5.46056E-08
163.4854	5.4459E-08
163.5696	5.46423E-08
163.6532	5.47033E-08
163.738	5.49966E-08
163.8218	5.46911E-08
163.906	5.48744E-08
163.99	5.5632E-08
164.0734	5.50821E-08
164.1584	5.4459E-08
164.2416	5.42268E-08
164.326	5.51188E-08
164.4096	5.45445E-08
164.4932	5.44834E-08
164.577	5.42757E-08
164.6614	5.47522E-08
164.745	5.51432E-08
164.8284	5.52776E-08
164.9116	5.50821E-08
164.995	5.49722E-08
165.0788	5.48255E-08
165.1628	5.46423E-08
165.2468	5.50699E-08
165.3296	5.53387E-08
165.4128	5.48866E-08
165.4968	5.46789E-08
165.58	5.48255E-08
165.6632	5.47767E-08
165.7464	5.49233E-08
165.8302	5.51554E-08
165.914	5.49355E-08
165.9968	5.58886E-08
166.08	5.47156E-08
166.1628	5.50577E-08
166.2458	5.52654E-08
166.3284	5.49722E-08
166.4116	5.52165E-08
166.495	5.50821E-08
166.578	5.54853E-08
166.6616	5.53632E-08
166.7444	5.48133E-08
166.827	5.48378E-08
166.91	5.50699E-08
166.9922	5.53754E-08
167.0754	5.53754E-08
167.1584	5.51188E-08
167.2416	5.50455E-08
167.3236	5.52654E-08
167.407	5.53998E-08
167.4892	5.51799E-08
167.5716	5.5412E-08
167.6546	5.52654E-08
167.7372	5.55464E-08
167.82	5.54243E-08
167.9026	5.53876E-08
167.985	5.51921E-08
168.0678	5.57664E-08
168.15	5.48255E-08
168.2318	5.53632E-08
168.3146	5.51066E-08
168.397	5.55709E-08
168.4794	5.54243E-08
168.5616	5.52654E-08
168.6436	5.53021E-08
168.7264	5.52532E-08
168.8086	5.51677E-08
168.8906	5.54365E-08
168.973	5.51921E-08
169.055	5.60841E-08
169.137	5.53754E-08
169.2192	5.51799E-08
169.3016	5.55587E-08
169.3834	5.54976E-08
169.4656	5.55709E-08
169.5468	5.50577E-08
169.6288	5.57297E-08
169.7104	5.5803E-08
169.7926	5.58397E-08
169.8742	5.53509E-08
169.9564	5.52165E-08
170.0378	5.56442E-08
170.1194	5.53509E-08
170.2012	5.54731E-08
170.2832	5.55587E-08
170.365	5.59741E-08
170.446	5.56931E-08
170.5274	5.63162E-08
170.6086	5.53143E-08
170.69	5.5632E-08
170.7714	5.57908E-08
170.853	5.57542E-08
170.9348	5.53265E-08
171.0164	5.5632E-08
171.0974	5.61696E-08
171.1788	5.59252E-08
171.2596	5.54609E-08
171.341	5.55953E-08
171.4226	5.57542E-08
171.5036	5.52898E-08
171.5832	5.58886E-08
171.6634	5.5803E-08
171.7436	5.57664E-08
171.823	5.62673E-08
171.9032	5.59985E-08
171.9828	5.6023E-08
172.0628	5.62673E-08
172.1426	5.57175E-08
172.2222	5.57786E-08
172.3014	5.58153E-08
172.3818	5.66461E-08
172.4614	5.57297E-08
172.541	5.54853E-08
172.6208	5.65484E-08
172.6998	5.60841E-08
172.7796	5.59863E-08
172.8586	5.5913E-08
172.939	5.64506E-08
173.0182	5.59374E-08
173.0974	5.53998E-08
173.1768	5.61207E-08
173.2562	5.64873E-08
173.335	5.53632E-08
173.4144	5.61207E-08
173.494	5.59741E-08
173.5734	5.63773E-08
173.6524	5.58763E-08
173.7318	5.59374E-08
173.8108	5.58275E-08
173.89	5.6414E-08
173.9684	5.65362E-08
174.0476	5.56808E-08
174.1272	5.5913E-08
174.2058	5.64995E-08
174.285	5.64751E-08
174.3636	5.61452E-08
174.4426	5.65239E-08
174.5214	5.64873E-08
174.6002	5.62673E-08
174.6792	5.65362E-08
174.7582	5.61329E-08
174.8368	5.58763E-08
174.9154	5.58397E-08
174.9942	5.61574E-08
175.0724	5.6304E-08
175.1516	5.69027E-08
175.2302	5.64018E-08
175.309	5.64628E-08
175.3878	5.60841E-08
175.4658	5.64506E-08
175.5442	5.63773E-08
175.6222	5.62185E-08
175.7012	5.62796E-08
175.78	5.67072E-08
175.8582	5.66217E-08
175.9364	5.66706E-08
176.015	5.59374E-08
176.093	5.69027E-08
176.171	5.68416E-08
176.249	5.6304E-08
176.3278	5.69394E-08
176.4056	5.68661E-08
176.484	5.64384E-08
176.562	5.65239E-08
176.6398	5.6585E-08
176.7182	5.65606E-08
176.7962	5.61085E-08
176.8748	5.64751E-08
176.9522	5.64506E-08
177.03	5.68538E-08
177.1078	5.66217E-08
177.1856	5.68783E-08
177.2644	5.69516E-08
177.342	5.67683E-08
177.4198	5.66828E-08
177.4974	5.6414E-08
177.5748	5.68416E-08
177.6526	5.69272E-08
177.7304	5.64262E-08
177.8078	5.6805E-08
177.8858	5.73304E-08
177.9636	5.70738E-08
178.0412	5.6023E-08
178.118	5.66583E-08
178.196	5.65117E-08
178.274	5.6585E-08
178.351	5.72571E-08
178.428	5.68783E-08
178.5056	5.67928E-08
178.5832	5.6695E-08
178.6604	5.69027E-08
178.7378	5.61574E-08
178.8154	5.66583E-08
178.893	5.65117E-08
178.9698	5.71349E-08
179.0468	5.71471E-08
179.1238	5.70616E-08
179.2014	5.67805E-08
179.2786	5.73548E-08
179.3556	5.7758E-08
179.4324	5.64506E-08
179.5094	5.70616E-08
179.5864	5.68783E-08
179.6642	5.67683E-08
179.7408	5.62185E-08
179.8182	5.65362E-08
179.8946	5.69027E-08
179.9718	5.74526E-08
180.049	5.69149E-08
180.126	5.67683E-08
180.2028	5.7587E-08
180.2796	5.67317E-08
180.3558	5.71471E-08
180.4336	5.72326E-08
180.5098	5.72326E-08
180.5868	5.6805E-08
180.6638	5.69516E-08
180.7398	5.72204E-08
180.8162	5.73426E-08
180.8932	5.70005E-08
180.9698	5.69516E-08
181.0466	5.67194E-08
181.123	5.65117E-08
181.1994	5.72815E-08
181.276	5.72693E-08
181.3532	5.72448E-08
181.4292	5.68538E-08
181.5052	5.64018E-08
181.5818	5.70738E-08
181.6584	5.7196E-08
181.7346	5.71715E-08
181.8112	5.75503E-08
181.8872	5.68661E-08
181.9636	5.75748E-08
182.04	5.73793E-08
182.116	5.70249E-08
182.1924	5.75014E-08
182.2684	5.73182E-08
182.345	5.65239E-08
182.421	5.78313E-08
182.4966	5.75992E-08
182.5732	5.75381E-08
182.6494	5.71838E-08
182.7254	5.70738E-08
182.802	5.71593E-08
182.8772	5.73915E-08
182.9536	5.73182E-08
183.0296	5.72326E-08
183.1054	5.71227E-08
183.181	5.72571E-08
183.257	5.72571E-08
183.3334	5.79291E-08
183.4088	5.76114E-08
183.4852	5.73304E-08
183.5614	5.75014E-08
183.637	5.74892E-08
183.7126	5.69516E-08
183.7884	5.77092E-08
183.8638	5.76358E-08
183.9392	5.76603E-08
184.015	5.79291E-08
184.0914	5.82223E-08
184.1668	5.73793E-08
184.2428	5.7196E-08
184.3178	5.7758E-08
184.3938	5.75503E-08
184.4696	5.74526E-08
184.5454	5.76236E-08
184.6186	5.77336E-08
184.694	5.75137E-08
184.768	5.77336E-08
184.8428	5.76725E-08
184.9176	5.77214E-08
184.9928	5.79169E-08
185.0668	5.72693E-08
185.1416	5.75259E-08
185.2152	5.79169E-08
185.2898	5.78313E-08
185.365	5.80513E-08
185.4392	5.74892E-08
185.5134	5.79902E-08
185.5874	5.76603E-08
185.6624	5.77214E-08
185.7362	5.76481E-08
185.8108	5.78924E-08
185.8854	5.76603E-08
185.9598	5.77703E-08
186.0342	5.75259E-08
186.1082	5.80513E-08
186.1826	5.80146E-08
186.2568	5.75259E-08
186.3316	5.7758E-08
186.4054	5.76114E-08
186.48	5.78558E-08
186.554	5.83201E-08
186.6282	5.79413E-08
186.7028	5.79902E-08
186.7766	5.77703E-08
186.8508	5.75992E-08
186.9254	5.7868E-08
186.9992	5.79902E-08
187.0742	5.7758E-08
187.148	5.79658E-08
187.2222	5.81002E-08
187.296	5.84789E-08
187.3704	5.80146E-08
187.444	5.87233E-08
187.5182	5.76847E-08
187.5928	5.81857E-08
187.667	5.82834E-08
187.7414	5.87355E-08
187.8146	5.81979E-08
187.8884	5.77214E-08
187.963	5.79658E-08
188.0368	5.7868E-08
188.111	5.80635E-08
188.185	5.854E-08
188.2586	5.76725E-08
188.3332	5.82468E-08
188.4072	5.85156E-08
188.4818	5.84667E-08
188.5552	5.80268E-08
188.6288	5.83079E-08
188.704	5.83079E-08
188.7772	5.85523E-08
188.8516	5.80635E-08
188.9254	5.83201E-08
188.9996	5.83445E-08
189.0738	5.86867E-08
189.1476	5.84301E-08
189.2222	5.77458E-08
189.2956	5.81979E-08
189.3696	5.83934E-08
189.4438	5.80635E-08
189.5174	5.85156E-08
189.592	5.83445E-08
189.666	5.82223E-08
189.7398	5.81857E-08
189.8136	5.80513E-08
189.8874	5.80879E-08
189.9616	5.86867E-08
190.0352	5.82223E-08
190.1096	5.86133E-08
190.1836	5.84178E-08
190.2574	5.83568E-08
190.3318	5.85767E-08
190.4056	5.85523E-08
190.4788	5.90043E-08
190.5534	5.85034E-08
190.6274	5.86256E-08
190.7018	5.81368E-08
190.775	5.84789E-08
190.849	5.85767E-08
190.9234	5.89433E-08
190.9976	5.93343E-08
191.0716	5.89677E-08
191.1452	5.90043E-08
191.2194	5.89921E-08
191.2934	5.90288E-08
191.3674	5.89677E-08
191.442	5.88088E-08
191.5156	5.86744E-08
191.5892	5.86622E-08
191.6636	5.89921E-08
191.7374	5.88822E-08
191.812	5.92121E-08
191.8856	5.91021E-08
191.9598	5.89677E-08
192.0334	5.91632E-08
192.1072	5.88455E-08
192.182	5.90043E-08
192.2558	5.94442E-08
192.3298	5.94809E-08
192.4042	5.87111E-08
192.4774	5.87355E-08
192.5528	5.92365E-08
192.6262	5.94809E-08
192.7002	5.88333E-08
192.7742	5.90532E-08
192.8482	5.94198E-08
192.9226	5.88822E-08
192.9968	5.93343E-08
193.071	5.94442E-08
193.145	5.9322E-08
193.2192	5.88699E-08
193.2932	5.91265E-08
193.367	5.92976E-08
193.4424	5.95298E-08
193.5164	5.90654E-08
193.59	5.96519E-08
193.6646	5.91998E-08
193.7382	5.91143E-08
193.8122	5.9432E-08
193.8864	5.93953E-08
193.961	5.92487E-08
194.0352	5.93465E-08
194.1098	5.91021E-08
194.184	5.94442E-08
194.2584	5.96153E-08
194.3332	5.96275E-08
194.4072	5.90654E-08
194.4812	5.92243E-08
194.5554	5.92365E-08
194.63	5.9713E-08
194.705	5.92854E-08
194.7796	5.88699E-08
194.8538	5.96886E-08
194.9284	5.97375E-08
195.003	5.93343E-08
195.077	5.95542E-08
195.152	5.93587E-08
195.2262	5.96397E-08
195.301	5.98108E-08
195.3754	5.92121E-08
195.4498	5.95664E-08
195.5248	5.96031E-08
195.5996	5.86744E-08
195.674	5.98108E-08
195.7492	5.93953E-08
195.8234	5.99085E-08
195.8976	5.97619E-08
195.9734	5.97008E-08
196.0476	5.99574E-08
196.1224	5.99696E-08
196.1974	5.97986E-08
196.2726	5.96886E-08
196.3466	6.01896E-08
196.423	5.97253E-08
196.4974	5.97497E-08
196.5724	6.01773E-08
196.647	5.94198E-08
196.7226	5.97375E-08
196.7976	6.01407E-08
196.8732	5.9933E-08
196.9478	6.02018E-08
197.0234	5.99696E-08
197.0978	5.97497E-08
197.1736	5.9933E-08
197.2486	6.05561E-08
197.3246	6.00063E-08
197.3998	6.00674E-08
197.4752	5.96275E-08
197.5502	6.02384E-08
197.6256	6.01285E-08
197.7018	6.01896E-08
197.7766	6.04462E-08
197.8526	5.95908E-08
197.9282	5.99941E-08
198.0034	6.0104E-08
198.0792	6.02384E-08
198.1556	6.04462E-08
198.2306	6.04217E-08
198.3068	5.99696E-08
198.3832	6.02995E-08
198.459	6.03973E-08
198.534	6.00918E-08
198.609	6.02873E-08
198.6842	6.00918E-08
198.7592	6.0495E-08
198.835	6.05195E-08
198.9098	5.98597E-08
198.9848	5.98352E-08
199.06	6.0715E-08
199.1352	6.09105E-08
199.2112	6.12159E-08
199.286	6.05195E-08
199.3618	6.02507E-08
199.437	6.02384E-08
199.5128	6.07761E-08
199.5882	6.06783E-08
199.6644	6.00918E-08
199.74	6.0886E-08
199.8158	6.07638E-08
199.8912	6.04095E-08
199.967	6.04339E-08
200.0434	6.0324E-08
200.1192	6.04339E-08
200.1954	6.07516E-08
200.2712	6.02384E-08
200.347	6.12526E-08
200.424	6.03728E-08
200.4996	6.07883E-08
200.5758	6.05928E-08
200.6524	6.0495E-08
200.7286	6.06417E-08
200.8058	6.02873E-08
200.8828	6.05683E-08
200.959	6.06294E-08
201.0354	6.01407E-08
201.1128	6.11304E-08
201.1894	6.09227E-08
201.2662	6.08127E-08
201.3436	6.05561E-08
201.4196	6.09227E-08
201.497	6.07394E-08
201.5742	6.13626E-08
201.6518	6.10204E-08
201.7286	6.04339E-08
201.8058	6.12404E-08
201.883	6.13626E-08
201.9608	6.08249E-08
202.0382	6.06905E-08
202.116	6.06783E-08
202.1936	6.08616E-08
202.271	6.12404E-08
202.349	6.08983E-08
202.427	6.08738E-08
202.5048	6.12404E-08
202.5832	6.07761E-08
202.6612	6.15825E-08
202.7388	6.10204E-08
202.8178	6.12893E-08
202.8962	6.13259E-08
202.9746	6.07761E-08
203.0528	6.12282E-08
203.1314	6.09227E-08
203.21	6.13992E-08
203.2894	6.08616E-08
203.3676	6.12159E-08
203.4462	6.12404E-08
203.5254	6.11671E-08
203.6048	6.1888E-08
203.6838	6.14114E-08
203.7626	6.15336E-08
203.842	6.07272E-08
203.9216	6.12037E-08
204.0006	6.1778E-08
204.0808	6.1668E-08
204.1602	6.12159E-08
204.24	6.11671E-08
204.3198	6.13381E-08
204.3998	6.17169E-08
204.4796	6.11793E-08
204.5598	6.13992E-08
204.6398	6.18391E-08
204.7196	6.10204E-08
204.8006	6.04584E-08
204.8812	6.13259E-08
204.9616	6.1497E-08
205.0422	6.16558E-08
205.1228	6.13381E-08
205.204	6.15336E-08
205.2848	6.15825E-08
205.3658	6.12648E-08
205.4468	6.16314E-08
205.5284	6.11182E-08
205.6104	6.12404E-08
205.6914	6.13259E-08
205.7722	6.14237E-08
205.8542	6.14848E-08
205.9366	6.10693E-08
206.0182	6.16192E-08
206.1	6.15703E-08
206.182	6.15825E-08
206.2638	6.12404E-08
206.3462	6.16925E-08
206.4286	6.14237E-08
206.5112	6.16925E-08
206.5936	6.14481E-08
206.6766	6.18758E-08
206.76	6.17169E-08
206.842	6.17291E-08
206.925	6.14359E-08
207.0084	6.17902E-08
207.0914	6.18147E-08
207.175	6.2279E-08
207.2586	6.15336E-08
207.3416	6.16192E-08
207.4252	6.15947E-08
207.5086	6.20346E-08
207.593	6.16069E-08
207.6772	6.15947E-08
207.7608	6.15214E-08
207.845	6.16192E-08
207.93	6.18391E-08
208.0146	6.12159E-08
208.0994	6.16069E-08
208.184	6.1387E-08
208.2684	6.11548E-08
208.3536	6.1668E-08
208.4388	6.19246E-08
208.5236	6.21446E-08
208.609	6.20713E-08
208.6946	6.15214E-08
208.7806	6.15458E-08
208.866	6.22668E-08
208.9516	6.18758E-08
209.0378	6.19735E-08
209.1234	6.15703E-08
209.21	6.20713E-08
209.2964	6.18635E-08
209.382	6.19613E-08
209.469	6.20224E-08
209.556	6.19124E-08
209.6428	6.1668E-08
209.7298	6.21568E-08
209.8168	6.21079E-08
209.9034	6.18024E-08
209.9914	6.1888E-08
210.0786	6.23645E-08
210.166	6.21323E-08
210.2536	6.22668E-08
210.3414	6.20346E-08
210.43	6.24256E-08
210.5182	6.24989E-08
210.6062	6.20468E-08
210.6946	6.21323E-08
210.783	6.23278E-08
210.8718	6.23034E-08
210.9602	6.21568E-08
211.049	6.22545E-08
211.138	6.26089E-08
211.2278	6.245E-08
211.3176	6.21323E-08
211.4062	6.21323E-08
211.4956	6.19735E-08
211.5856	6.26822E-08
211.6758	6.24012E-08
211.7658	6.21568E-08
211.8554	6.24256E-08
211.9464	6.21934E-08
212.0364	6.23889E-08
212.1266	6.256E-08
212.218	6.2279E-08
212.3084	6.23767E-08
212.3992	6.22301E-08
212.4904	6.29143E-08
212.582	6.26578E-08
212.6728	6.24256E-08
212.7634	6.25722E-08
212.8532	6.2279E-08
212.943	6.27555E-08
213.0326	6.20468E-08
213.122	6.22423E-08
213.2106	6.28166E-08
213.2996	6.28899E-08
213.3832	6.32687E-08
213.4634	6.28166E-08
213.5416	6.26944E-08
213.6188	6.28777E-08
213.6952	6.26944E-08
213.771	6.31343E-08
213.8458	6.31587E-08
213.9208	6.23034E-08
213.9948	6.31221E-08
214.068	6.33787E-08
214.1408	6.39285E-08
214.2136	6.3232E-08
214.2854	6.32565E-08
214.3574	6.34031E-08
214.429	6.35253E-08
214.4994	6.36108E-08
214.5702	6.32198E-08
214.6406	6.36841E-08
214.7106	6.34031E-08
214.7798	6.36841E-08
214.85	6.35742E-08
214.9196	6.39652E-08
214.9886	6.35864E-08
215.0566	6.29143E-08
215.125	6.4014E-08
215.1934	6.33909E-08
215.2614	6.33053E-08
215.3292	6.30488E-08
215.3964	6.33909E-08
215.4642	6.43195E-08
215.5314	6.35497E-08
215.5994	6.3232E-08
215.6656	6.29632E-08
215.7322	6.36353E-08
215.7992	6.35008E-08
215.8658	6.38185E-08
215.9318	6.38674E-08
215.9984	6.35619E-08
216.064	6.34642E-08
216.13	6.4234E-08
216.196	6.38674E-08
216.2614	6.37208E-08
216.3268	6.41118E-08
216.3918	6.35864E-08
216.4578	6.37086E-08
216.5228	6.34275E-08
216.5886	6.36475E-08
216.653	6.39163E-08
216.7188	6.35986E-08
216.7834	6.39529E-08
216.8488	6.37819E-08
216.9124	6.39774E-08
216.978	6.37452E-08
217.0424	6.38918E-08
217.1066	6.32443E-08
217.1714	6.32198E-08
217.2362	6.37697E-08
217.3006	6.42706E-08
217.3646	6.40018E-08
217.4288	6.39163E-08
217.4928	6.36597E-08
217.557	6.41484E-08
217.6214	6.43928E-08
217.6854	6.37452E-08
217.7492	6.40385E-08
217.8126	6.40018E-08
217.8774	6.36597E-08
217.941	6.41362E-08
218.005	6.38796E-08
218.0684	6.43073E-08
218.132	6.37574E-08
218.1958	6.35375E-08
218.259	6.38552E-08
218.3224	6.4014E-08
218.3862	6.3843E-08
218.4496	6.40507E-08
218.5124	6.41362E-08
218.5758	6.42828E-08
218.6392	6.4515E-08
218.7024	6.37086E-08
218.7652	6.42095E-08
218.8286	6.34031E-08
218.8916	6.31221E-08
218.9548	6.3342E-08
219.0178	6.35986E-08
219.0804	6.40507E-08
219.143	6.42828E-08
219.2062	6.39774E-08
219.2688	6.43806E-08
219.331	6.45028E-08
219.3942	6.44783E-08
219.4566	6.39774E-08
219.5196	6.39529E-08
219.5816	6.42095E-08
219.6438	6.45272E-08
219.707	6.39652E-08
219.7688	6.42218E-08
219.831	6.41973E-08
219.8936	6.40751E-08
219.9562	6.39407E-08
220.0176	6.38185E-08
220.0798	6.39896E-08
220.1418	6.4405E-08
220.2038	6.37941E-08
220.2664	6.40018E-08
220.3276	6.40507E-08
220.3898	6.43562E-08
220.452	6.45761E-08
220.5136	6.38063E-08
220.5752	6.39041E-08
220.6372	6.35864E-08
220.6986	6.40996E-08
220.7602	6.44906E-08
220.8212	6.40385E-08
220.883	6.43806E-08
220.9442	6.41607E-08
221.0058	6.40629E-08
221.0672	6.47472E-08
221.1284	6.39652E-08
221.1898	6.38063E-08
221.2506	6.4124E-08
221.3122	6.42706E-08
221.3734	6.42218E-08
221.434	6.42218E-08
221.495	6.43073E-08
221.5568	6.4014E-08
221.6174	6.44783E-08
221.678	6.46005E-08
221.7386	6.43928E-08
221.7998	6.47594E-08
221.86	6.39774E-08
221.9204	6.51382E-08
221.9812	6.43439E-08
222.0422	6.47594E-08
222.1024	6.40263E-08
222.163	6.44417E-08
222.2236	6.49671E-08
222.2842	6.49549E-08
222.344	6.47594E-08
222.4044	6.44539E-08
222.4646	6.45394E-08
222.5248	6.41851E-08
222.5844	6.40385E-08
222.6454	6.50038E-08
222.7054	6.51748E-08
222.7652	6.48938E-08
222.8256	6.44783E-08
222.8852	6.50771E-08
222.9448	6.39774E-08
223.0042	6.46005E-08
223.0644	6.47838E-08
223.1242	6.48816E-08
223.1836	6.46494E-08
223.2434	6.47838E-08
223.303	6.45761E-08
223.3624	6.44906E-08
223.4224	6.51504E-08
223.482	6.47227E-08
223.5414	6.49671E-08
223.6008	6.48938E-08
223.6598	6.47227E-08
223.7196	6.45394E-08
223.7786	6.52237E-08
223.8382	6.49549E-08
223.897	6.4796E-08
223.9554	6.42218E-08
224.015	6.44173E-08
224.074	6.49549E-08
224.1326	6.47838E-08
224.192	6.50893E-08
224.2508	6.47349E-08
224.3094	6.54803E-08
224.3684	6.51015E-08
224.4274	6.53092E-08
224.4858	6.55047E-08
224.544	6.42584E-08
224.6026	6.48938E-08
224.6616	6.48205E-08
224.7198	6.52848E-08
224.7784	6.49549E-08
224.8368	6.48693E-08
224.8952	6.47716E-08
224.9536	6.49304E-08
225.0114	6.52237E-08
225.0696	6.51382E-08
225.128	6.49182E-08
225.1858	6.48082E-08
225.244	6.48327E-08
225.302	6.42951E-08
225.36	6.54314E-08
225.4176	6.50648E-08
225.4758	6.52237E-08
225.5336	6.46616E-08
225.5914	6.4796E-08
225.6486	6.53337E-08
225.7064	6.51626E-08
225.7646	6.42828E-08
225.822	6.48083E-08
225.879	6.51015E-08
225.9368	6.55903E-08
225.9942	6.49915E-08
226.0516	6.50404E-08
226.1088	6.51259E-08
226.166	6.53092E-08
226.2234	6.52359E-08
226.2804	6.50526E-08
226.338	6.52481E-08
226.3952	6.51259E-08
226.4522	6.51259E-08
226.509	6.51504E-08
226.566	6.54314E-08
226.623	6.51137E-08
226.6798	6.4906E-08
226.7368	6.55536E-08
226.7938	6.61401E-08
226.8506	6.59202E-08
226.9066	6.51259E-08
226.964	6.55169E-08
227.0206	6.53337E-08
227.0768	6.53581E-08
227.1338	6.54925E-08
227.1906	6.56758E-08
227.2462	6.57613E-08
227.303	6.51993E-08
227.3592	6.53581E-08
227.4156	6.54192E-08
227.4718	6.56269E-08
227.5278	6.59568E-08
227.584	6.49793E-08
227.6404	6.56636E-08
227.6962	6.51626E-08
227.753	6.53459E-08
227.8086	6.5578E-08
227.8644	6.55658E-08
227.9208	6.56636E-08
227.976	6.56391E-08
228.0318	6.50404E-08
228.087	6.57858E-08
228.1426	6.56025E-08
228.1968	6.56513E-08
228.252	6.59446E-08
228.307	6.5407E-08
228.3622	6.5187E-08
228.4168	6.53214E-08
228.4716	6.56758E-08
228.5268	6.58835E-08
228.5818	6.55169E-08
228.636	6.53092E-08
228.6906	6.54681E-08
228.7452	6.52237E-08
228.8002	6.51993E-08
228.8544	6.50648E-08
228.909	6.56391E-08
228.9638	6.54558E-08
229.0176	6.55292E-08
229.0726	6.51382E-08
229.1268	6.53214E-08
229.1808	6.52603E-08
229.2348	6.61523E-08
229.2894	6.59079E-08
229.3438	6.58835E-08
229.3974	6.55658E-08
229.452	6.53459E-08
229.5056	6.55169E-08
229.5602	6.5688E-08
229.6134	6.55658E-08
229.6676	6.52115E-08
229.7212	6.54681E-08
229.7752	6.57247E-08
229.8288	6.52726E-08
229.8826	6.54803E-08
229.9364	6.62256E-08
229.9898	6.53825E-08
230.0436	6.57735E-08
230.0968	6.58102E-08
230.1506	6.58224E-08
230.2044	6.61157E-08
230.2578	6.58591E-08
230.3114	6.5688E-08
230.3648	6.58835E-08
230.418	6.54681E-08
230.4708	6.58224E-08
230.5238	6.59324E-08
230.5774	6.57735E-08
230.6306	6.55047E-08
230.6838	6.57858E-08
230.7366	6.54558E-08
230.7896	6.62623E-08
230.8428	6.62378E-08
230.8952	6.56391E-08
230.9484	6.63723E-08
231.0012	6.62745E-08
231.054	6.55414E-08
231.1066	6.57613E-08
231.1598	6.60423E-08
231.2122	6.59813E-08
231.2648	6.58835E-08
231.3174	6.61523E-08
231.3702	6.61034E-08
231.4228	6.59446E-08
231.475	6.66655E-08
231.5274	6.65433E-08
231.58	6.6751E-08
231.6324	6.61279E-08
231.6844	6.61768E-08
231.7368	6.63478E-08
231.7886	6.59568E-08
231.8412	6.64822E-08
231.8934	6.63112E-08
231.9454	6.63723E-08
231.997	6.68366E-08
232.049	6.66166E-08
232.1014	6.63967E-08
232.153	6.61645E-08
232.2048	6.636E-08
232.257	6.62501E-08
232.3082	6.61523E-08
232.3602	6.65922E-08
232.4122	6.61279E-08
232.4638	6.658E-08
232.5156	6.647E-08
232.567	6.658E-08
232.6186	6.58468E-08
232.6706	6.67266E-08
232.722	6.67755E-08
232.7736	6.67144E-08
232.8242	6.6079E-08
232.876	6.59202E-08
232.9274	6.62745E-08
232.9784	6.67999E-08
233.0298	6.63112E-08
233.0812	6.61034E-08
233.1322	6.61401E-08
233.1828	6.61768E-08
233.2346	6.63478E-08
233.285	6.647E-08
233.3358	6.62501E-08
233.387	6.62378E-08
233.4384	6.66533E-08
233.489	6.65189E-08
233.54	6.67877E-08
233.5912	6.69954E-08
233.6414	6.65189E-08
233.6924	6.68366E-08
233.743	6.66411E-08
233.7932	6.65189E-08
233.8438	6.64089E-08
233.8946	6.66533E-08
233.9452	6.69343E-08
233.9958	6.67022E-08
234.0462	6.70443E-08
234.0964	6.65311E-08
234.147	6.68732E-08
234.1972	6.647E-08
234.2472	6.71176E-08
234.2976	6.66044E-08
234.348	6.63967E-08
234.398	6.65067E-08
234.4484	6.68732E-08
234.498	6.68732E-08
234.5482	6.67877E-08
234.598	6.68366E-08
234.6482	6.68366E-08
234.6984	6.68732E-08
234.748	6.71665E-08
234.798	6.69954E-08
234.8478	6.68488E-08
234.8976	6.72398E-08
234.9476	6.6751E-08
234.9974	6.7252E-08
235.0468	6.68243E-08
235.0968	6.68243E-08
235.146	6.67388E-08
235.1956	6.7142E-08
235.2452	6.69588E-08
235.2946	6.72031E-08
235.344	6.636E-08
235.3932	6.70687E-08
235.4428	6.70687E-08
235.4918	6.65678E-08
235.5414	6.67388E-08
235.5906	6.69465E-08
235.6396	6.73009E-08
235.689	6.67633E-08
235.7382	6.77774E-08
235.7872	6.66166E-08
235.8364	6.68977E-08
235.8852	6.73009E-08
235.9338	6.72031E-08
235.983	6.78507E-08
236.0318	6.69954E-08
236.0804	6.71665E-08
236.1292	6.70443E-08
236.1786	6.70321E-08
236.2268	6.75575E-08
236.2752	6.70565E-08
236.324	6.70321E-08
236.373	6.72398E-08
236.4216	6.69221E-08
236.47	6.69832E-08
236.5186	6.74719E-08
236.5674	6.75208E-08
236.6156	6.7142E-08
236.664	6.7362E-08
236.7122	6.78629E-08
236.7606	6.73131E-08
236.8094	6.71543E-08
236.8574	6.70809E-08
236.905	6.7252E-08
236.9534	6.72887E-08
237.0014	6.75819E-08
237.0498	6.72642E-08
237.098	6.72031E-08
237.1454	6.74719E-08
237.1936	6.72031E-08
237.2414	6.73742E-08
237.2894	6.70198E-08
237.3372	6.68732E-08
237.3854	6.6971E-08
237.433	6.65311E-08
237.4806	6.71298E-08
237.529	6.77163E-08
237.5768	6.75575E-08
237.6242	6.74231E-08
237.6714	6.75575E-08
237.7194	6.77652E-08
237.767	6.73253E-08
237.8144	6.72764E-08
237.8618	6.75575E-08
237.91	6.76797E-08
237.9564	6.77285E-08
238.0042	6.74231E-08
238.0512	6.74842E-08
238.0988	6.72642E-08
238.1458	6.74231E-08
238.1928	6.71665E-08
238.2402	6.7533E-08
238.2878	6.76674E-08
238.335	6.76063E-08
238.3814	6.74353E-08
238.429	6.76674E-08
238.476	6.73253E-08
238.5228	6.73864E-08
238.5696	6.74842E-08
238.6168	6.79851E-08
238.663	6.76674E-08
238.7094	6.74475E-08
238.7568	6.75697E-08
238.8032	6.73864E-08
238.85	6.80829E-08
238.897	6.76063E-08
238.943	6.73375E-08
238.9902	6.79729E-08
239.0368	6.75941E-08
239.083	6.74597E-08
239.1298	6.77408E-08
239.1764	6.71543E-08
239.2222	6.7924E-08
239.2692	6.79363E-08
239.3156	6.77285E-08
239.362	6.72887E-08
239.408	6.7533E-08
239.4542	6.76308E-08
239.5002	6.78385E-08
239.5466	6.81684E-08
239.5926	6.7533E-08
239.639	6.79973E-08
239.6848	6.76919E-08
239.731	6.7753E-08
239.777	6.80218E-08
239.8228	6.79851E-08
239.8694	6.78996E-08
239.9148	6.7924E-08
239.9604	6.74597E-08
240.006	6.81684E-08
240.0518	6.78629E-08
240.098	6.78263E-08
240.1436	6.8034E-08
240.1892	6.80462E-08
240.2342	6.82295E-08
240.2798	6.78018E-08
240.3258	6.78629E-08
240.371	6.78385E-08
240.4168	6.82539E-08
240.462	6.75086E-08
240.5082	6.76552E-08
240.5524	6.77774E-08
240.5986	6.8034E-08
240.6434	6.78141E-08
240.689	6.86083E-08
240.7342	6.80829E-08
240.7798	6.76063E-08
240.8246	6.77163E-08
240.8698	6.79363E-08
240.9152	6.78385E-08
240.9602	6.84494E-08
241.0054	6.80096E-08
241.05	6.79973E-08
241.0948	6.73375E-08
241.1402	6.82784E-08
241.1846	6.85228E-08
241.2296	6.75819E-08
241.2744	6.80096E-08
241.319	6.79851E-08
241.3642	6.80584E-08
241.4092	6.81195E-08
241.453	6.74842E-08
241.4982	6.8315E-08
241.5424	6.79729E-08
241.5874	6.80584E-08
241.6314	6.76308E-08
241.6768	6.83273E-08
241.7204	6.82539E-08
241.7652	6.75941E-08
241.8096	6.72153E-08
241.8546	6.75575E-08
241.8986	6.82295E-08
241.9426	6.8706E-08
241.987	6.78141E-08
242.0308	6.80951E-08
242.0754	6.78507E-08
242.12	6.88038E-08
242.1642	6.8034E-08
242.2086	6.82417E-08
242.2524	6.89382E-08
242.2964	6.84617E-08
242.3402	6.83028E-08
242.3846	6.81928E-08
242.4288	6.81562E-08
242.4724	6.78385E-08
242.5166	6.8144E-08
242.5602	6.85472E-08
242.6044	6.83028E-08
242.648	6.84128E-08
242.6918	6.77896E-08
242.7354	6.85228E-08
242.779	6.82051E-08
242.8224	6.8315E-08
242.8666	6.86816E-08
242.9096	6.86572E-08
242.953	6.78141E-08
242.9972	6.81684E-08
243.04	6.7533E-08
243.0838	6.86327E-08
243.1278	6.87427E-08
243.1706	6.84617E-08
243.2136	6.82662E-08
243.2578	6.8034E-08
243.3006	6.8535E-08
243.344	6.8535E-08
243.3872	6.83517E-08
243.4298	6.82906E-08
243.4732	6.86572E-08
243.5164	6.84861E-08
243.5592	6.86938E-08
243.602	6.85228E-08
243.6456	6.82539E-08
243.6882	6.82906E-08
243.7316	6.86327E-08
243.7738	6.83639E-08
243.817	6.82539E-08
243.8604	6.83639E-08
243.9028	6.85716E-08
243.9458	6.8535E-08
243.9884	6.85472E-08
244.031	6.89504E-08
244.0732	6.89748E-08
244.1152	6.8926E-08
244.1572	6.89871E-08
244.1992	6.86816E-08
244.2414	6.81806E-08
244.2832	6.86938E-08
244.3254	6.85594E-08
244.3676	6.85716E-08
244.4092	6.86327E-08
244.4516	6.8535E-08
244.4934	6.90115E-08
244.5352	6.91093E-08
244.5772	6.82906E-08
244.6188	6.84983E-08
244.6606	6.85838E-08
244.7024	6.90726E-08
244.7442	6.88038E-08
244.7858	6.90604E-08
244.8274	6.91337E-08
244.869	6.89382E-08
244.9104	6.89015E-08
244.9518	6.88893E-08
244.9928	6.89748E-08
245.0348	6.90482E-08
245.0762	6.87183E-08
245.1178	6.88404E-08
245.1596	6.84494E-08
245.2004	6.91459E-08
245.2416	6.91337E-08
245.283	6.87305E-08
245.3238	6.93536E-08
245.3658	6.84128E-08
245.4066	6.87671E-08
245.4478	6.90726E-08
245.4892	6.88893E-08
245.5304	6.92192E-08
245.5712	6.88282E-08
245.6126	6.92803E-08
245.653	6.8816E-08
245.6944	6.87183E-08
245.735	6.8706E-08
245.7758	6.90359E-08
245.8168	6.87916E-08
245.8582	6.92925E-08
245.8984	6.89626E-08
245.9392	6.86083E-08
245.98	6.88038E-08
246.0204	6.9097E-08
246.0612	6.92803E-08
246.1018	6.88893E-08
246.1424	6.91703E-08
246.1832	6.95491E-08
246.2236	6.88893E-08
246.2642	6.92437E-08
246.3044	6.89626E-08
246.3448	6.86572E-08
246.3854	6.91703E-08
246.4256	6.95613E-08
246.466	6.89015E-08
246.5068	6.86938E-08
246.5466	6.91215E-08
246.587	6.95003E-08
246.6276	6.95613E-08
246.6674	6.90848E-08
246.7076	6.90359E-08
246.7484	6.91337E-08
246.7884	6.86572E-08
246.8282	6.94636E-08
246.8678	6.88527E-08
246.9082	6.93781E-08
246.9484	6.92803E-08
246.988	6.87793E-08
247.0282	6.92925E-08
247.0678	6.92803E-08
247.108	6.94392E-08
247.1482	6.9317E-08
247.1872	6.94147E-08
247.2276	6.94514E-08
247.2674	6.9097E-08
247.307	6.94514E-08
247.347	6.9488E-08
247.3862	6.94025E-08
247.4254	6.93414E-08
247.4656	6.95613E-08
247.5048	6.91093E-08
247.5444	6.93414E-08
247.5838	6.93658E-08
247.6232	6.90726E-08
247.6628	6.93536E-08
247.7028	6.97324E-08
247.7418	6.95247E-08
247.781	6.99646E-08
247.8206	6.91581E-08
247.86	6.90604E-08
247.8992	6.99523E-08
247.9384	6.90115E-08
247.9774	6.91948E-08
248.0164	6.89015E-08
248.0558	6.92803E-08
248.095	6.94514E-08
248.1338	6.91826E-08
248.1734	6.9708E-08
248.212	6.94758E-08
248.2508	6.9488E-08
248.29	6.95613E-08
248.329	6.98057E-08
248.3676	6.97324E-08
248.4064	7.027E-08
248.4458	6.92314E-08
248.4846	6.98546E-08
248.5228	6.93536E-08
248.562	6.96958E-08
248.6004	6.98546E-08
248.6392	6.92192E-08
248.6778	6.97691E-08
248.7164	7.01601E-08
248.755	6.88282E-08
248.794	6.98913E-08
248.832	6.98424E-08
248.8708	6.97935E-08
248.9092	6.97202E-08
248.9474	6.95613E-08
248.9862	6.94758E-08
249.0242	6.95736E-08
249.063	6.96224E-08
249.1014	6.95125E-08
249.1394	7.01234E-08
249.1778	6.9989E-08
249.216	6.95491E-08
249.2546	6.99768E-08
249.2924	6.98179E-08
249.3308	6.99035E-08
249.3688	6.96713E-08
249.4066	7.02089E-08
249.4448	6.99279E-08
249.4832	7.02089E-08
249.521	6.9598E-08
249.5588	6.9879E-08
249.5968	7.01356E-08
249.6348	7.00745E-08
249.6726	6.97813E-08
249.7108	6.98546E-08
249.7486	6.97202E-08
249.7862	6.98302E-08
249.8244	7.03189E-08
249.8624	6.97324E-08
249.8994	6.99768E-08
249.937	7.05144E-08
249.9748	6.95247E-08
250.0128	6.99157E-08
250.05	6.96347E-08
250.0876	7.04044E-08
250.1256	7.01112E-08
250.1632	6.99768E-08
250.2004	7.04044E-08
250.2378	6.99646E-08
250.2752	7.00623E-08
250.3128	6.95247E-08
250.35	6.9989E-08
250.3874	6.98546E-08
250.4248	7.0099E-08
250.462	7.05877E-08
250.499	7.02945E-08
250.5366	6.95247E-08
250.574	7.02945E-08
250.6108	6.97324E-08
250.6478	7.03189E-08
250.6852	7.0099E-08
250.7226	7.05266E-08
250.7596	6.9989E-08
250.7962	6.98424E-08
250.8338	7.00257E-08
250.8706	7.01356E-08
250.9078	6.98668E-08
250.9448	7.00379E-08
250.9812	7.04533E-08
251.018	7.02823E-08
251.0546	7.01356E-08
251.092	7.06855E-08
251.1286	6.98546E-08
251.1652	7.01845E-08
251.2026	7.027E-08
251.2388	6.99646E-08
251.2754	7.00501E-08
251.3122	7.08932E-08
251.3488	7.06366E-08
251.3852	7.027E-08
251.4222	7.03433E-08
251.4584	7.06122E-08
251.495	7.06122E-08
251.5316	7.00379E-08
251.5676	7.07221E-08
251.6042	7.04778E-08
251.6412	7.05633E-08
251.6768	7.07466E-08
251.7136	7.03678E-08
251.7496	7.05877E-08
251.7854	7.07221E-08
251.822	7.06366E-08
251.8582	7.09543E-08
251.8948	7.05633E-08
251.931	7.06366E-08
251.967	7.06488E-08
252.0036	7.02456E-08
252.0394	7.06488E-08
252.0752	7.10765E-08
252.1114	7.07343E-08
252.1472	7.03433E-08
252.1836	7.07221E-08
252.2192	7.09176E-08
252.2554	7.09421E-08
252.291	7.049E-08
252.3266	7.04655E-08
252.3632	7.08443E-08
252.3984	7.08688E-08
252.4344	7.0881E-08
252.4702	7.08321E-08
252.506	7.07221E-08
252.5416	7.02578E-08
252.577	7.05755E-08
252.6134	7.1052E-08
252.6486	7.08565E-08
252.6844	7.08077E-08
252.7196	7.07221E-08
252.755	7.08932E-08
252.791	7.06733E-08
252.8262	7.10032E-08
252.8614	7.10765E-08
252.8964	7.10276E-08
252.9326	7.0661E-08
252.9678	7.11742E-08
253.0032	7.03433E-08
253.0384	7.09665E-08
253.074	7.08077E-08
253.1088	7.07466E-08
253.1444	7.07343E-08
253.1796	7.04655E-08
253.215	7.09421E-08
253.2498	7.08932E-08
253.285	7.06366E-08
253.32	7.04167E-08
253.355	7.11131E-08
253.3904	7.09543E-08
253.4252	7.08932E-08
253.4606	7.10765E-08
253.4952	7.03556E-08
253.5302	7.07221E-08
253.5652	7.08199E-08
253.6	7.13697E-08
253.635	7.05877E-08
253.6694	7.049E-08
253.7046	7.12109E-08
253.7392	7.10032E-08
253.774	7.07343E-08
253.8086	7.10032E-08
253.8436	7.10643E-08
253.8778	7.07221E-08
253.913	7.0881E-08
253.9468	7.12109E-08
253.9822	7.10887E-08
254.0162	7.05755E-08
254.051	7.10276E-08
254.0856	7.11009E-08
254.1202	7.11131E-08
254.155	7.14675E-08
254.1888	7.0881E-08
254.2238	7.09054E-08
254.258	7.1272E-08
254.2926	7.10643E-08
254.327	7.09421E-08
254.3614	7.14797E-08
254.3952	7.13575E-08
254.4294	7.10276E-08
254.4636	7.08443E-08
254.4976	7.09787E-08
254.5326	7.12842E-08
254.5664	7.15408E-08
254.6006	7.12842E-08
254.6346	7.10398E-08
254.668	7.10765E-08
254.7026	7.15897E-08
254.7368	7.11131E-08
254.7706	7.10276E-08
254.8042	7.14186E-08
254.8382	7.09787E-08
254.8724	7.09421E-08
254.9064	7.14919E-08
254.9398	7.16385E-08
254.9742	7.12475E-08
255.0074	7.1944E-08
255.0418	7.1443E-08
255.0752	7.10643E-08
255.1086	7.08932E-08
255.143	7.1443E-08
255.1764	7.13575E-08
255.2098	7.17118E-08
255.244	7.0881E-08
255.277	7.2335E-08
255.3114	7.10887E-08
255.3444	7.13086E-08
255.3778	7.13942E-08
255.4116	7.12964E-08
255.4448	7.09298E-08
255.4778	7.14553E-08
255.5118	7.18829E-08
255.5452	7.13575E-08
255.5784	7.18096E-08
255.612	7.14553E-08
255.645	7.12598E-08
255.678	7.13086E-08
255.7116	7.13331E-08
255.7446	7.18829E-08
255.7778	7.14675E-08
255.8116	7.13208E-08
255.8446	7.12109E-08
255.8774	7.17607E-08
255.9106	7.16385E-08
255.944	7.10887E-08
255.9768	7.20051E-08
256.0092	7.13575E-08
256.0432	7.13208E-08
256.0762	7.17729E-08
256.109	7.13331E-08
256.142	7.17607E-08
256.1746	7.10643E-08
256.2076	7.16263E-08
256.2408	7.12109E-08
256.2738	7.17241E-08
256.3064	7.13208E-08
256.3384	7.16019E-08
256.3722	7.15897E-08
256.4044	7.12964E-08
256.437	7.15408E-08
256.4696	7.18218E-08
256.503	7.12964E-08
256.5352	7.17118E-08
256.5676	7.21517E-08
256.6008	7.1663E-08
256.6328	7.1834E-08
256.6658	7.18096E-08
256.698	7.14675E-08
256.7308	7.17729E-08
256.7632	7.20417E-08
256.7954	7.17729E-08
256.8278	7.15897E-08
256.86	7.14797E-08
256.8928	7.1663E-08
256.9252	7.21028E-08
256.9568	7.13942E-08
256.9888	7.17118E-08
257.0218	7.17485E-08
257.054	7.1663E-08
257.0864	7.14064E-08
257.118	7.20418E-08
257.1508	7.21639E-08
257.183	7.14064E-08
257.2148	7.20051E-08
257.247	7.17607E-08
257.2788	7.19318E-08
257.3112	7.12598E-08
257.3434	7.16019E-08
257.3752	7.16263E-08
257.4066	7.14553E-08
257.439	7.17974E-08
257.4712	7.18218E-08
257.503	7.16385E-08
257.5344	7.16508E-08
257.566	7.20784E-08
257.598	7.17729E-08
257.6296	7.1944E-08
257.662	7.19318E-08
257.6936	7.14308E-08
257.7254	7.17118E-08
257.7568	7.19562E-08
257.7882	7.18829E-08
257.8202	7.25183E-08
257.8516	7.18951E-08
257.883	7.18829E-08
257.9144	7.20051E-08
257.9462	7.16385E-08
257.9778	7.19318E-08
258.0096	7.19073E-08
258.0414	7.25183E-08
258.0726	7.2726E-08
258.1034	7.19196E-08
258.1346	7.1663E-08
258.166	7.19684E-08
258.1978	7.21028E-08
258.2288	7.16507E-08
258.2606	7.25305E-08
258.2916	7.25305E-08
258.3232	7.20662E-08
258.354	7.21517E-08
258.3852	7.19196E-08
258.4164	7.17852E-08
258.4476	7.17974E-08
258.4786	7.18585E-08
258.5098	7.20173E-08
258.541	7.18218E-08
258.572	7.20784E-08
258.6032	7.20295E-08
258.6342	7.22983E-08
258.6652	7.22983E-08
258.696	7.17607E-08
258.7268	7.21151E-08
258.7578	7.19196E-08
258.7888	7.20051E-08
258.8194	7.24572E-08
258.8504	7.17974E-08
258.8814	7.22006E-08
258.9124	7.15408E-08
258.943	7.15774E-08
258.9736	7.29459E-08
259.0044	7.23961E-08
259.0352	7.25916E-08
259.0662	7.20417E-08
259.0964	7.20295E-08
259.1272	7.31048E-08
259.158	7.2836E-08
259.1886	7.20417E-08
259.2192	7.25061E-08
259.2494	7.2726E-08
259.2802	7.22861E-08
259.3104	7.19807E-08
259.3406	7.27138E-08
259.3714	7.26893E-08
259.4018	7.23228E-08
259.432	7.26893E-08
259.4626	7.29459E-08
259.4926	7.22617E-08
259.5228	7.23472E-08
259.5534	7.29093E-08
259.5838	7.28726E-08
259.6142	7.22739E-08
259.6444	7.24083E-08
259.6744	7.30315E-08
259.7044	7.25305E-08
259.7346	7.18096E-08
259.7652	7.28726E-08
259.7956	7.24327E-08
259.8258	7.23472E-08
259.8556	7.23472E-08
259.8852	7.24694E-08
259.9154	7.24816E-08
259.9458	7.23594E-08
259.9758	7.32392E-08
260.0054	7.26771E-08
260.0356	7.2445E-08
260.0652	7.28726E-08
260.0952	7.29337E-08
260.1248	7.26893E-08
260.1546	7.30193E-08
260.1844	7.33492E-08
260.2142	7.27871E-08
260.244	7.29582E-08
260.2736	7.26038E-08
260.3036	7.29093E-08
260.3328	7.28848E-08
260.3632	7.25183E-08
260.3926	7.26771E-08
260.4222	7.28238E-08
260.452	7.29582E-08
260.4812	7.28971E-08
260.511	7.28971E-08
260.5408	7.30559E-08
260.5702	7.27016E-08
260.5998	7.30437E-08
260.6292	7.34225E-08
260.6586	7.29459E-08
260.6876	7.33369E-08
260.7178	7.28726E-08
260.7468	7.30559E-08
260.776	7.31048E-08
260.8056	7.30559E-08
260.8348	7.27993E-08
260.8642	7.34225E-08
260.8932	7.31048E-08
260.9224	7.33492E-08
260.952	7.33003E-08
260.981	7.31292E-08
261.01	7.2836E-08
261.0392	7.33614E-08
261.068	7.33369E-08
261.097	7.33125E-08
261.1256	7.27749E-08
261.1546	7.28115E-08
261.1832	7.34225E-08
261.2116	7.31903E-08
261.2404	7.32758E-08
261.2694	7.29826E-08
261.2978	7.30437E-08
261.3264	7.32636E-08
261.3552	7.29948E-08
261.3838	7.35447E-08
261.4122	7.38746E-08
261.441	7.27504E-08
261.4696	7.28115E-08
261.4978	7.34347E-08
261.5268	7.26771E-08
261.5554	7.31292E-08
261.5834	7.34958E-08
261.6118	7.33125E-08
261.64	7.31659E-08
261.6686	7.3007E-08
261.6972	7.31292E-08
261.7254	7.35935E-08
261.7532	7.32025E-08
261.7818	7.3117E-08
261.8104	7.31537E-08
261.8384	7.30803E-08
261.8666	7.35935E-08
261.8952	7.37402E-08
261.923	7.34469E-08
261.951	7.3007E-08
261.9796	7.33125E-08
262.008	7.37035E-08
262.036	7.3508E-08
262.0636	7.35447E-08
262.0914	7.3227E-08
262.1198	7.33858E-08
262.148	7.3398E-08
262.1758	7.34469E-08
262.2038	7.34225E-08
262.2316	7.32392E-08
262.2598	7.35935E-08
262.2876	7.35691E-08
262.3154	7.34347E-08
262.3432	7.33858E-08
262.3708	7.36302E-08
262.3992	7.32514E-08
262.427	7.32881E-08
262.4544	7.32758E-08
262.482	7.36913E-08
262.51	7.36791E-08
262.5376	7.33003E-08
262.5652	7.33125E-08
262.593	7.34347E-08
262.6204	7.3508E-08
262.6482	7.34347E-08
262.6756	7.3618E-08
262.7032	7.37157E-08
262.7304	7.3508E-08
262.759	7.32758E-08
262.7862	7.32636E-08
262.8136	7.38501E-08
262.8404	7.34836E-08
262.8684	7.38501E-08
262.8958	7.37524E-08
262.9228	7.35569E-08
262.95	7.37768E-08
262.9784	7.38623E-08
263.0052	7.36058E-08
263.033	7.37768E-08
263.0602	7.39723E-08
263.0878	7.36058E-08
263.1142	7.39357E-08
263.1416	7.40578E-08
263.1692	7.34591E-08
263.1964	7.3899E-08
263.223	7.39845E-08
263.2502	7.38135E-08
263.2778	7.39601E-08
263.3046	7.3117E-08
263.3316	7.38623E-08
263.3592	7.36058E-08
263.3856	7.35691E-08
263.413	7.39845E-08
263.4396	7.4009E-08
263.467	7.3899E-08
263.4936	7.38623E-08
263.5208	7.39845E-08
263.5482	7.41312E-08
263.5742	7.37768E-08
263.601	7.3789E-08
263.6284	7.44244E-08
263.6552	7.39357E-08
263.6816	7.40945E-08
263.7088	7.45099E-08
263.7352	7.41067E-08
263.7624	7.35691E-08
263.789	7.43755E-08
263.8162	7.39112E-08
263.8418	7.39479E-08
263.8694	7.39723E-08
263.8954	7.36424E-08
263.9216	7.39723E-08
263.949	7.3899E-08
263.9754	7.429E-08
264.0014	7.37035E-08
264.029	7.41067E-08
264.0548	7.41923E-08
264.0814	7.43755E-08
264.1086	7.44733E-08
264.1346	7.41067E-08
264.1608	7.43633E-08
264.1878	7.41067E-08
264.2136	7.39357E-08
264.2398	7.43267E-08
264.2666	7.41434E-08
264.2928	7.40823E-08
264.3194	7.36424E-08
264.3456	7.42289E-08
264.372	7.38623E-08
264.3986	7.38868E-08
264.4242	7.44977E-08
264.4504	7.43267E-08
264.4772	7.37035E-08
264.5024	7.41923E-08
264.529	7.42167E-08
264.5556	7.44611E-08
264.581	7.42533E-08
264.6078	7.44E-08
264.6334	7.35935E-08
264.6598	7.43267E-08
264.6858	7.4791E-08
264.7108	7.37646E-08
264.7378	7.39845E-08
264.7636	7.4009E-08
264.7898	7.36791E-08
264.8156	7.43267E-08
264.8412	7.44366E-08
264.8676	7.38746E-08
264.893	7.44855E-08
264.9192	7.418E-08
264.9446	7.3789E-08
264.9702	7.38501E-08
264.9966	7.41312E-08
265.0218	7.42533E-08
265.0486	7.36424E-08
265.0736	7.42533E-08
265.0998	7.43267E-08
265.1256	7.418E-08
265.1506	7.44488E-08
265.1766	7.38013E-08
265.2018	7.41556E-08
265.2278	7.40945E-08
265.2526	7.38013E-08
265.2794	7.38135E-08
265.3044	7.42045E-08
265.3302	7.41434E-08
265.3554	7.42656E-08
265.381	7.42045E-08
265.4064	7.37402E-08
265.4316	7.42656E-08
265.4578	7.42533E-08
265.4824	7.43267E-08
265.5084	7.41189E-08
265.5336	7.47421E-08
265.5588	7.42411E-08
265.5842	7.40701E-08
265.6096	7.47421E-08
265.6344	7.42045E-08
265.6598	7.42656E-08
265.6852	7.43755E-08
265.7106	7.48032E-08
265.7356	7.44488E-08
265.7608	7.48276E-08
265.7864	7.48154E-08
265.8112	7.43022E-08
265.837	7.46199E-08
265.861	7.49254E-08
265.8866	7.45588E-08
265.9112	7.4681E-08
265.9368	7.48765E-08
265.9616	7.42533E-08
265.9868	7.48032E-08
266.0114	7.45588E-08
266.0372	7.48032E-08
266.0612	7.49009E-08
266.0872	7.45099E-08
266.1114	7.43633E-08
266.1368	7.47788E-08
266.1608	7.49009E-08
266.186	7.45833E-08
266.211	7.43022E-08
266.236	7.47177E-08
266.2604	7.46688E-08
266.2856	7.46688E-08
266.31	7.48887E-08
266.335	7.45222E-08
266.3598	7.47665E-08
266.384	7.43878E-08
266.409	7.45588E-08
266.4334	7.49498E-08
266.4584	7.46443E-08
266.4826	7.46199E-08
266.5078	7.52553E-08
266.532	7.49254E-08
266.5572	7.49009E-08
266.5812	7.46688E-08
266.6062	7.45222E-08
266.6302	7.51575E-08
266.6546	7.50476E-08
266.6796	7.53042E-08
266.7036	7.45588E-08
266.7282	7.53164E-08
266.7524	7.47788E-08
266.778	7.46199E-08
266.8012	7.47299E-08
266.8262	7.44733E-08
266.85	7.48765E-08
266.8744	7.46443E-08
266.8994	7.52919E-08
266.9228	7.55852E-08
266.9476	7.47543E-08
266.9714	7.47421E-08
266.996	7.50231E-08
267.0202	7.47054E-08
267.0446	7.44366E-08
267.0688	7.42533E-08
267.092	7.52797E-08
267.1174	7.50598E-08
267.141	7.45955E-08
267.1648	7.51698E-08
267.1892	7.48276E-08
267.2124	7.47788E-08
267.2372	7.47665E-08
267.2606	7.51087E-08
267.285	7.45588E-08
267.3094	7.45466E-08
267.3324	7.48154E-08
267.3576	7.46199E-08
267.3808	7.4962E-08
267.405	7.45955E-08
267.4288	7.48765E-08
267.452	7.45099E-08
267.4764	7.50353E-08
267.5	7.49376E-08
267.5236	7.52064E-08
267.5482	7.49987E-08
267.5708	7.50353E-08
267.5952	7.48765E-08
267.619	7.49865E-08
267.642	7.46443E-08
267.6664	7.52186E-08
267.6898	7.48643E-08
267.7134	7.49376E-08
267.7378	7.47299E-08
267.761	7.53042E-08
267.7844	7.48521E-08
267.8084	7.45344E-08
267.8316	7.5353E-08
267.8552	7.5072E-08
267.8794	7.49743E-08
267.9022	7.51698E-08
267.9262	7.55241E-08
267.9492	7.51453E-08
267.9724	7.49987E-08
267.9966	7.50476E-08
268.0198	7.50964E-08
268.0424	7.51209E-08
268.0668	7.5182E-08
268.0896	7.49498E-08
268.1128	7.49132E-08
268.1368	7.48398E-08
268.16	7.48765E-08
268.1828	7.49254E-08
268.207	7.50476E-08
268.2296	7.48032E-08
268.2524	7.53408E-08
268.2764	7.55241E-08
268.2996	7.5072E-08
268.3222	7.48887E-08
268.3462	7.54019E-08
268.3688	7.47788E-08
268.3918	7.49132E-08
268.415	7.52431E-08
268.4382	7.49987E-08
268.4612	7.50476E-08
268.4844	7.52797E-08
268.5076	7.50964E-08
268.5304	7.52553E-08
268.5534	7.50964E-08
268.577	7.51575E-08
268.5992	7.49743E-08
268.622	7.50964E-08
268.6454	7.49987E-08
268.6684	7.52797E-08
268.691	7.46443E-08
268.7136	7.48887E-08
268.7372	7.47788E-08
268.7594	7.55363E-08
268.7822	7.51698E-08
268.8054	7.56096E-08
268.8282	7.50476E-08
268.8508	7.50231E-08
268.8732	7.51575E-08
268.8962	7.56463E-08
268.9188	7.52308E-08
268.9414	7.51575E-08
268.9644	7.52675E-08
268.987	7.55119E-08
269.0096	7.51209E-08
269.0322	7.55241E-08
269.055	7.52308E-08
269.0782	7.52797E-08
269.1004	7.54874E-08
269.1224	7.56218E-08
269.145	7.52431E-08
269.1678	7.58907E-08
269.1902	7.55852E-08
269.2126	7.52064E-08
269.2354	7.49498E-08
269.2576	7.56463E-08
269.2804	7.55974E-08
269.3026	7.54141E-08
269.3246	7.55974E-08
269.347	7.5353E-08
269.3694	7.5463E-08
269.392	7.51209E-08
269.4138	7.52797E-08
269.4364	7.52797E-08
269.459	7.50353E-08
269.4808	7.54141E-08
269.503	7.60617E-08
269.5254	7.58784E-08
269.5478	7.51575E-08
269.5698	7.54752E-08
269.5922	7.5744E-08
269.6142	7.5463E-08
269.6366	7.53042E-08
269.6586	7.54386E-08
269.6806	7.53042E-08
269.7024	7.53286E-08
269.7252	7.53286E-08
269.7474	7.55241E-08
269.7692	7.58173E-08
269.7912	7.49009E-08
269.813	7.59395E-08
269.8356	7.55119E-08
269.8576	7.56585E-08
269.8794	7.5854E-08
269.9012	7.57685E-08
269.923	7.5182E-08
269.945	7.54508E-08
269.9672	7.52064E-08
269.9892	7.54263E-08
270.011	7.56096E-08
270.0326	7.52919E-08
270.0546	7.54141E-08
270.0768	7.49743E-08
270.0986	7.57685E-08
270.1202	7.56585E-08
270.1418	7.59029E-08
270.1636	7.55608E-08
270.1856	7.60128E-08
270.2076	7.54997E-08
270.2292	7.55241E-08
270.2506	7.56707E-08
270.2724	7.52308E-08
270.2936	7.58173E-08
270.316	7.54386E-08
270.3372	7.4962E-08
270.3588	7.54263E-08
270.3802	7.58051E-08
270.4016	7.56463E-08
270.423	7.58296E-08
270.4444	7.54752E-08
270.4666	7.55608E-08
270.488	7.53653E-08
270.5092	7.54508E-08
270.5306	7.56218E-08
270.5518	7.52431E-08
270.5734	7.57196E-08
270.595	7.55852E-08
270.617	7.53408E-08
270.6384	7.51087E-08
270.6594	7.56341E-08
270.6806	7.55974E-08
270.702	7.54019E-08
270.7232	7.5964E-08
270.7442	7.54386E-08
270.7664	7.59518E-08
270.7874	7.60006E-08
270.8086	7.56096E-08
270.8298	7.60006E-08
270.8508	7.52919E-08
270.8716	7.54874E-08
270.893	7.51087E-08
270.9144	7.61595E-08
270.9354	7.55119E-08
270.9568	7.56952E-08
270.9778	7.54386E-08
270.999	7.57929E-08
271.0202	7.57196E-08
271.0408	7.63428E-08
271.062	7.59762E-08
271.0828	7.57563E-08
271.1036	7.5964E-08
271.1248	7.57563E-08
271.1462	7.60251E-08
271.1666	7.58662E-08
271.188	7.58907E-08
271.2088	7.58296E-08
271.23	7.63305E-08
271.2506	7.59762E-08
271.2712	7.60862E-08
271.2924	7.56585E-08
271.3128	7.55241E-08
271.3342	7.66727E-08
271.3546	7.63183E-08
271.3758	7.54752E-08
271.3964	7.60373E-08
271.4172	7.5854E-08
271.4378	7.57929E-08
271.4588	7.52675E-08
271.4794	7.5573E-08
271.5002	7.5573E-08
271.5206	7.58173E-08
271.5414	7.60006E-08
271.562	7.57318E-08
271.583	7.53653E-08
271.6032	7.6245E-08
271.6242	7.57074E-08
271.6444	7.56218E-08
271.6646	7.57318E-08
271.686	7.56585E-08
271.7064	7.60251E-08
271.727	7.59151E-08
271.7476	7.58296E-08
271.7676	7.57074E-08
271.7882	7.55974E-08
271.8086	7.60251E-08
271.8292	7.60128E-08
271.8496	7.57807E-08
271.8698	7.60862E-08
271.89	7.55241E-08
271.9108	7.57074E-08
271.9314	7.60006E-08
271.952	7.54019E-08
271.9718	7.57563E-08
271.9924	7.61839E-08
272.0124	7.60373E-08
272.033	7.63183E-08
272.0534	7.61106E-08
272.0732	7.60739E-08
272.1312	7.7418E-08
272.3086	7.51331E-08
272.4072	6.93414E-08
272.4732	6.98546E-08
272.5398	6.9879E-08
272.6082	6.99646E-08
272.6768	6.92437E-08
272.7458	6.97202E-08
272.8134	6.92437E-08
272.8816	6.93781E-08
272.9488	6.9207E-08
273.0162	6.94025E-08
273.0818	6.90726E-08
273.1488	6.96469E-08
273.214	6.9989E-08
273.2794	7.00257E-08
273.3438	7.00257E-08
273.4078	6.93781E-08
273.472	6.95369E-08
273.536	6.96835E-08
273.6004	6.98546E-08
273.6638	6.99157E-08
273.7276	6.96713E-08
273.7904	6.97324E-08
273.8536	7.00745E-08
273.9162	7.03067E-08
273.9788	7.01112E-08
274.0412	7.04044E-08
274.1036	7.01845E-08
274.1664	7.0099E-08
274.2286	7.01723E-08
274.29	7.07832E-08
274.352	7.03678E-08
274.4134	7.06244E-08
274.475	7.06488E-08
274.5364	7.038E-08
274.5976	7.08077E-08
274.6584	7.05633E-08
274.7196	7.11376E-08
274.7802	7.07099E-08
274.8406	7.08077E-08
274.901	7.1162E-08
274.961	7.12598E-08
275.0214	7.11742E-08
275.0812	7.12231E-08
275.141	7.13942E-08
275.2006	7.0771E-08
275.2604	7.13697E-08
275.3202	7.12842E-08
275.3788	7.0771E-08
275.4382	7.1553E-08
275.4972	7.15408E-08
275.5558	7.12475E-08
275.6146	7.16385E-08
275.6732	7.0881E-08
275.7314	7.12964E-08
275.79	7.19807E-08
275.8476	7.19807E-08
275.9056	7.14553E-08
275.9634	7.14919E-08
276.0208	7.26405E-08
276.0784	7.18707E-08
276.1358	7.13819E-08
276.193	7.23839E-08
276.2504	7.22617E-08
276.3076	7.2054E-08
276.3644	7.23106E-08
276.4212	7.26527E-08
276.4778	7.2335E-08
276.534	7.25794E-08
276.5906	7.19684E-08
276.6464	7.27138E-08
276.703	7.26527E-08
276.7588	7.22739E-08
276.815	7.26893E-08
276.8704	7.29704E-08
276.9256	7.24205E-08
276.9812	7.29337E-08
277.036	7.32636E-08
277.0918	7.25916E-08
277.1462	7.29459E-08
277.2012	7.32392E-08
277.2558	7.28726E-08
277.311	7.29093E-08
277.3654	7.34836E-08
277.4198	7.33736E-08
277.4738	7.38746E-08
277.528	7.31414E-08
277.5822	7.28848E-08
277.636	7.33614E-08
277.6898	7.36424E-08
277.7438	7.35447E-08
277.7968	7.33492E-08
277.8504	7.35569E-08
277.9036	7.3618E-08
277.9568	7.38013E-08
278.0098	7.35935E-08
278.063	7.36546E-08
278.1152	7.41189E-08
278.168	7.38746E-08
278.2204	7.37402E-08
278.273	7.36058E-08
278.3252	7.39723E-08
278.3768	7.42778E-08
278.4298	7.39968E-08
278.4818	7.42533E-08
278.5336	7.40823E-08
278.585	7.3899E-08
278.6368	7.42533E-08
278.6882	7.40456E-08
278.74	7.41312E-08
278.7914	7.43144E-08
278.8428	7.44977E-08
278.8938	7.45344E-08
278.9448	7.45099E-08
278.9958	7.41556E-08
279.046	7.45222E-08
279.096	7.47421E-08
279.1464	7.44244E-08
279.1958	7.43022E-08
279.2462	7.44122E-08
279.2954	7.50476E-08
279.345	7.48643E-08
279.3946	7.48032E-08
279.4438	7.50964E-08
279.493	7.46321E-08
279.542	7.48521E-08
279.591	7.53042E-08
279.64	7.51698E-08
279.6888	7.47665E-08
279.737	7.58296E-08
279.7856	7.5353E-08
279.834	7.48032E-08
279.882	7.53775E-08
279.93	7.54386E-08
279.9782	7.45344E-08
280.026	7.52308E-08
280.0734	7.59029E-08
280.1212	7.52431E-08
280.1688	7.5744E-08
280.216	7.56463E-08
280.2632	7.54386E-08
280.3102	7.57929E-08
280.3572	7.55974E-08
280.4034	7.52553E-08
280.4504	7.51331E-08
280.4972	7.60128E-08
280.5436	7.53164E-08
280.5898	7.55608E-08
280.6356	7.52675E-08
280.6818	7.58907E-08
280.7282	7.5353E-08
280.7736	7.61228E-08
280.8198	7.61717E-08
280.8652	7.60495E-08
280.9104	7.62083E-08
280.9558	7.62572E-08
281.0006	7.62939E-08
281.047	7.59151E-08
281.0912	7.58907E-08
281.1364	7.61473E-08
281.1806	7.62939E-08
281.2254	7.59395E-08
281.2696	7.57074E-08
281.3142	7.65627E-08
281.3584	7.59151E-08
281.4022	7.65871E-08
281.4466	7.60251E-08
281.4902	7.6526E-08
281.534	7.63061E-08
281.5776	7.64283E-08
281.6208	7.63794E-08
281.6646	7.64527E-08
281.7078	7.64405E-08
281.7508	7.63794E-08
281.7938	7.66849E-08
281.837	7.61595E-08
281.8794	7.67948E-08
281.9222	7.66727E-08
281.9646	7.68315E-08
282.0068	7.65749E-08
282.049	7.70392E-08
282.0916	7.67093E-08
282.1332	7.66849E-08
282.1756	7.70637E-08
282.2174	7.6746E-08
282.2594	7.65627E-08
282.3006	7.67582E-08
282.342	7.64405E-08
282.3832	7.70026E-08
282.4246	7.72836E-08
282.4658	7.67093E-08
282.5068	7.73203E-08
282.5478	7.71736E-08
282.5882	7.73813E-08
282.629	7.68315E-08
282.6694	7.72225E-08
282.71	7.77968E-08
282.7504	7.77357E-08
282.7904	7.76746E-08
282.8302	7.6917E-08
282.8706	7.71248E-08
282.91	7.72592E-08
282.95	7.76746E-08
282.9894	7.74669E-08
283.029	7.71614E-08
283.0682	7.76135E-08
283.1074	7.79923E-08
283.1468	7.72347E-08
283.186	7.7699E-08
283.225	7.71492E-08
283.2638	7.77968E-08
283.3026	7.78945E-08
283.341	7.76746E-08
283.3792	7.72958E-08
283.4178	7.77846E-08
283.456	7.79923E-08
283.4944	7.81511E-08
283.5324	7.77113E-08
283.5706	7.75891E-08
283.6078	7.78945E-08
283.6456	7.79801E-08
283.6834	7.72347E-08
283.7212	7.76746E-08
283.7584	7.80412E-08
283.7958	7.79434E-08
283.833	7.79556E-08
283.8702	7.74547E-08
283.907	7.81145E-08
283.9444	7.84322E-08
283.9808	7.83344E-08
284.0172	7.84322E-08
284.0546	7.82489E-08
284.0904	7.78334E-08
284.1268	7.75891E-08
284.1636	7.7809E-08
284.2008	7.79312E-08
284.2364	7.87132E-08
284.2734	7.81633E-08
284.3086	7.84688E-08
284.3448	7.77235E-08
284.38	7.88598E-08
284.4152	7.83466E-08
284.451	7.82244E-08
284.486	7.82244E-08
284.5216	7.80167E-08
284.5566	7.78579E-08
284.5924	7.83955E-08
284.6264	7.86154E-08
284.6616	7.85666E-08
284.6962	7.88354E-08
284.7306	7.78579E-08
284.7652	7.85788E-08
284.7994	7.84199E-08
284.8342	7.86521E-08
284.8678	7.92508E-08
284.9026	7.84199E-08
284.9362	7.78823E-08
284.9704	7.85788E-08
285.0038	7.9092E-08
285.0376	7.8481E-08
285.0718	7.78334E-08
285.105	7.91531E-08
285.1382	7.90187E-08
285.1718	7.86765E-08
285.2052	7.84322E-08
285.2378	7.92142E-08
285.2718	7.90553E-08
285.3046	7.86399E-08
285.3368	7.87376E-08
285.3698	7.8591E-08
285.4028	7.89209E-08
285.4348	7.92386E-08
285.4672	7.88476E-08
285.5	7.84933E-08
285.5322	7.86399E-08
285.5646	7.91042E-08
285.5964	7.86643E-08
285.6286	7.8701E-08
285.6606	7.9092E-08
285.6928	7.9092E-08
285.7242	7.93608E-08
285.7564	7.87621E-08
285.7874	7.91042E-08
285.819	7.8982E-08
285.8508	7.90798E-08
285.8818	7.94341E-08
285.9128	7.87621E-08
285.9442	7.8982E-08
285.9752	7.95685E-08
286.0056	7.89087E-08
286.0368	7.92508E-08
286.0672	7.92997E-08
286.0982	7.87743E-08
286.1286	7.91897E-08
286.1594	7.95318E-08
286.1896	7.91164E-08
286.2204	7.93119E-08
286.2506	7.95807E-08
286.2804	7.95074E-08
286.3106	7.97029E-08
286.3404	7.87621E-08
286.3704	7.97273E-08
286.4002	7.94463E-08
286.4298	7.96785E-08
286.46	7.95074E-08
286.4896	7.90675E-08
286.5188	7.95196E-08
286.5484	7.9373E-08
286.5776	7.94708E-08
286.607	7.95318E-08
286.6364	7.92508E-08
286.6648	7.9373E-08
286.694	8.00206E-08
286.7226	7.92508E-08
286.7514	7.9483E-08
286.7802	8.00084E-08
286.8094	7.96907E-08
286.8376	7.9483E-08
286.866	7.95441E-08
286.8942	7.98251E-08
286.9224	7.95196E-08
286.9504	7.97518E-08
286.9794	7.96418E-08
287.0074	7.95074E-08
287.035	7.9764E-08
287.063	8.00817E-08
287.091	8.03994E-08
287.119	7.99106E-08
287.1464	7.92997E-08
287.1736	7.9874E-08
287.2012	8.03383E-08
287.2292	7.96052E-08
287.2562	7.98618E-08
287.2832	8.05827E-08
287.3102	8.02039E-08
287.3378	8.02405E-08
287.3648	7.99717E-08
287.3916	8.02528E-08
287.419	8.02039E-08
287.4454	8.0436E-08
287.472	7.99839E-08
287.499	8.01428E-08
287.5256	8.0436E-08
287.5512	8.01917E-08
287.5788	8.03016E-08
287.6046	8.02772E-08
287.6306	7.99473E-08
287.6576	8.02161E-08
287.6828	7.95563E-08
287.7096	8.0155E-08
287.7352	8.04971E-08
287.7612	8.05216E-08
287.7876	8.04483E-08
287.8126	8.01183E-08
287.8388	8.0265E-08
287.8642	8.02161E-08
287.8898	8.03505E-08
287.9152	8.03872E-08
287.9402	8.00328E-08
287.9656	7.99962E-08
287.9908	8.07537E-08
288.0166	8.02405E-08
288.041	8.06438E-08
288.0666	8.01183E-08
288.0912	7.97884E-08
288.1166	8.09737E-08
288.141	8.04483E-08
288.1658	8.0546E-08
288.19	7.99962E-08
288.2152	8.02528E-08
288.2402	8.01428E-08
288.264	8.03627E-08
288.2886	8.04971E-08
288.3126	8.01061E-08
288.3378	8.03138E-08
288.361	8.05949E-08
288.3858	8.02528E-08
288.4098	8.01306E-08
288.4334	8.05949E-08
288.458	8.08393E-08
288.4812	8.06193E-08
288.5052	8.03749E-08
288.5292	8.07537E-08
288.5524	8.00573E-08
288.5764	8.0265E-08
288.5996	8.0436E-08
288.6228	8.06804E-08
288.6472	8.06804E-08
288.6698	8.08515E-08
288.6928	8.07659E-08
288.7168	8.10592E-08
288.7396	8.03872E-08
288.7622	8.07659E-08
288.7854	8.07904E-08
288.8084	8.09614E-08
288.8308	8.05216E-08
288.8538	8.08637E-08
288.8772	8.07415E-08
288.8996	8.04971E-08
288.922	8.09981E-08
288.9444	8.12669E-08
288.9672	8.05827E-08
288.9896	8.07048E-08
289.0114	8.09859E-08
289.0338	8.05216E-08
289.0564	8.04483E-08
289.0786	8.12303E-08
289.1004	8.12669E-08
289.1222	8.0656E-08
289.144	8.09126E-08
289.1664	8.14013E-08
289.1882	8.08515E-08
289.2098	8.09248E-08
289.2312	8.05338E-08
289.253	8.12058E-08
289.275	8.05704E-08
289.2968	8.06926E-08
289.318	8.08148E-08
289.3396	8.09859E-08
289.361	8.07048E-08
289.382	8.12913E-08
289.4032	8.12303E-08
289.4248	8.09614E-08
289.4458	8.08393E-08
289.467	8.05949E-08
289.4878	8.09614E-08
289.5088	8.07048E-08
289.5294	8.05827E-08
289.5502	8.08881E-08
289.5712	8.12058E-08
289.5918	8.08637E-08
289.6128	8.14135E-08
289.633	8.10592E-08
289.6536	8.0656E-08
289.6742	8.08759E-08
289.6946	8.11081E-08
289.7148	8.08637E-08
289.7352	8.11692E-08
289.7554	8.11447E-08
289.7758	8.13647E-08
289.7958	8.07659E-08
289.8162	8.11692E-08
289.8358	8.12669E-08
289.856	8.12058E-08
289.8758	8.1438E-08
289.8954	8.09737E-08
289.9152	8.09614E-08
289.935	8.1218E-08
289.9546	8.08759E-08
289.9748	8.14135E-08
289.9942	8.13158E-08
290.0138	8.1438E-08
290.033	8.13158E-08
290.0526	8.10958E-08
290.0722	8.16946E-08
290.091	8.13647E-08
290.1104	8.12547E-08
290.1294	8.12425E-08
290.149	8.12425E-08
290.1676	8.11447E-08
290.1866	8.18412E-08
290.206	8.14624E-08
290.225	8.19634E-08
290.2444	8.17434E-08
290.263	8.15235E-08
290.2814	8.13647E-08
290.3004	8.1047E-08
290.3188	8.10714E-08
290.3374	8.14991E-08
290.356	8.16213E-08
290.3746	8.08148E-08
290.3934	8.1719E-08
290.4118	8.17557E-08
290.4302	8.13524E-08
290.448	8.15357E-08
290.4666	8.18534E-08
290.485	8.13402E-08
290.5034	8.19512E-08
290.5214	8.22078E-08
290.5394	8.19023E-08
290.5572	8.15724E-08
290.5752	8.12547E-08
290.5936	8.14502E-08
290.6114	8.13891E-08
290.6284	8.21222E-08
290.6462	8.17068E-08
290.6646	8.211E-08
290.6824	8.14868E-08
290.6996	8.20245E-08
290.7172	8.14135E-08
290.7352	8.17312E-08
290.7528	8.19389E-08
290.7698	8.19756E-08
290.7866	8.21589E-08
290.8046	8.12425E-08
290.8224	8.18901E-08
290.8388	8.17923E-08
290.8556	8.24888E-08
290.8738	8.1719E-08
290.8902	8.18656E-08
290.907	8.20856E-08
290.925	8.12425E-08
290.942	8.20978E-08
290.9584	8.15846E-08
290.9754	8.1719E-08
290.9926	8.19512E-08
291.009	8.15602E-08
291.0256	8.14013E-08
291.043	8.20856E-08
291.0592	8.18412E-08
291.0752	8.15846E-08
291.093	8.20978E-08
291.1088	8.2E-08
291.1252	8.18412E-08
291.1424	8.17068E-08
291.1578	8.1829E-08
291.1746	8.14013E-08
291.1914	8.1829E-08
291.2064	8.16701E-08
291.2238	8.16213E-08
291.2392	8.24766E-08
291.2556	8.19756E-08
291.272	8.20123E-08
291.2868	8.19634E-08
291.3042	8.16701E-08
291.3198	8.14868E-08
291.3352	8.18534E-08
291.3514	8.23422E-08
291.3666	8.19878E-08
291.384	8.222E-08
291.3984	8.16579E-08
291.4146	8.19267E-08
291.4298	8.19756E-08
291.4452	8.222E-08
291.4616	8.18168E-08
291.4762	8.24277E-08
291.493	8.17434E-08
291.5068	8.19878E-08
291.524	8.21467E-08
291.5384	8.19389E-08
291.554	8.18534E-08
291.569	8.17312E-08
291.5842	8.15357E-08
291.599	8.14258E-08
291.6142	8.17801E-08
291.6292	8.18656E-08
291.6446	8.20123E-08
291.6592	8.22322E-08
291.6746	8.15968E-08
291.6892	8.20367E-08
291.7046	8.20367E-08
291.7188	8.22444E-08
291.7346	8.13647E-08
291.748	8.17557E-08
291.764	8.25377E-08
291.7776	8.20489E-08
291.7936	8.18656E-08
291.8066	8.20856E-08
291.8228	8.21711E-08
291.836	8.21833E-08
291.851	8.17068E-08
291.8648	8.23666E-08
291.8796	8.13402E-08
291.8942	8.23788E-08
291.9074	8.24888E-08
291.9232	8.17679E-08
291.9366	8.22688E-08
291.9518	8.20245E-08
291.9654	8.19389E-08
291.9796	8.22444E-08
291.9936	8.23666E-08
292.0068	8.27454E-08
292.0228	8.18901E-08
292.0354	8.16823E-08
292.0492	8.26476E-08
292.0642	8.23544E-08
292.077	8.20733E-08
292.0918	8.22688E-08
292.1048	8.19145E-08
292.1182	8.19267E-08
292.133	8.23422E-08
292.1458	8.24033E-08
292.1594	8.25499E-08
292.1736	8.22322E-08
292.1862	8.20978E-08
292.2008	8.24766E-08
292.2142	8.22078E-08
292.2266	8.222E-08
292.2404	8.25377E-08
292.2544	8.25377E-08
292.267	8.23055E-08
292.2806	8.27332E-08
292.2944	8.19878E-08
292.3068	8.25865E-08
292.3206	8.22444E-08
292.3338	8.21344E-08
292.3462	8.26965E-08
292.3594	8.18045E-08
292.3734	8.21222E-08
292.3858	8.23299E-08
292.3984	8.22444E-08
292.4124	8.24521E-08
292.4244	8.24521E-08
292.4368	8.21833E-08
292.451	8.21833E-08
292.4638	8.22566E-08
292.4756	8.22078E-08
292.488	8.29042E-08
292.5024	8.28431E-08
292.5146	8.27209E-08
292.5266	8.29164E-08
292.5388	8.2E-08
292.5526	8.22933E-08
292.5644	8.24888E-08
292.5764	8.23788E-08
292.5884	8.21955E-08
292.6026	8.24888E-08
292.6144	8.23666E-08
292.6266	8.22688E-08
292.6386	8.21833E-08
292.6522	8.24033E-08
292.6636	8.24521E-08
292.676	8.24766E-08
292.6874	8.30386E-08
292.701	8.27943E-08
292.7126	8.24033E-08
292.7246	8.25377E-08
292.7362	8.22078E-08
292.7476	8.2391E-08
292.7606	8.24521E-08
292.7728	8.25377E-08
292.7842	8.23788E-08
292.7962	8.25743E-08
292.8078	8.24766E-08
292.8198	8.25865E-08
292.8324	8.30508E-08
292.8438	8.29653E-08
292.8558	8.24643E-08
292.8668	8.24277E-08
292.8782	8.28065E-08
292.8908	8.22933E-08
292.9028	8.20733E-08
292.914	8.25132E-08
292.9258	8.24277E-08
292.937	8.28187E-08
292.9474	8.27332E-08
292.9602	8.25499E-08
292.9716	8.25988E-08
292.9832	8.36496E-08
292.994	8.24399E-08
293.0058	8.3173E-08
293.0164	8.26843E-08
293.0274	8.26965E-08
293.039	8.24643E-08
293.0504	8.21711E-08
293.062	8.2782E-08
293.0732	8.29164E-08
293.084	8.19878E-08
293.095	8.22078E-08
293.106	8.22811E-08
293.1166	8.31242E-08
293.1278	8.30142E-08
293.1388	8.26354E-08
293.1502	8.29164E-08
293.1614	8.2501E-08
293.1722	8.29409E-08
293.183	8.34296E-08
293.1936	8.2782E-08
293.2044	8.21833E-08
293.2152	8.27332E-08
293.2262	8.27576E-08
293.2368	8.2611E-08
293.2472	8.27576E-08
293.2578	8.21711E-08
293.2686	8.23666E-08
293.279	8.30753E-08
293.2902	8.25621E-08
293.3008	8.29042E-08
293.3116	8.22688E-08
293.3216	8.29775E-08
293.3324	8.2892E-08
293.3428	8.30386E-08
293.3528	8.3283E-08
293.3636	8.30753E-08
293.3736	8.28431E-08
293.3838	8.27454E-08
293.394	8.25377E-08
293.4042	8.3283E-08
293.4146	8.28553E-08
293.4248	8.29775E-08
293.435	8.28065E-08
293.4452	8.3393E-08
293.4554	8.28309E-08
293.4652	8.27576E-08
293.4756	8.25621E-08
293.4854	8.211E-08
293.4954	8.26965E-08
293.5052	8.27209E-08
293.5152	8.29287E-08
293.5252	8.33563E-08
293.5358	8.24277E-08
293.5456	8.26843E-08
293.555	8.27087E-08
293.5652	8.31608E-08
293.575	8.26598E-08
293.5848	8.25377E-08
293.5946	8.31486E-08
293.6044	8.3173E-08
293.6138	8.222E-08
293.6236	8.28187E-08
293.6334	8.2892E-08
293.643	8.31242E-08
293.6522	8.25621E-08
293.6624	8.33319E-08
293.6718	8.26598E-08
293.6816	8.33441E-08
293.6906	8.30508E-08
293.7	8.36373E-08
293.71	8.27454E-08
293.7198	8.30264E-08
293.7286	8.32463E-08
293.7384	8.36618E-08
293.7474	8.25621E-08
293.757	8.30753E-08
293.7652	8.2892E-08
293.7754	8.29775E-08
293.7846	8.26232E-08
293.7936	8.27332E-08
293.8026	8.26721E-08
293.8116	8.2892E-08
293.821	8.27332E-08
293.83	8.29042E-08
293.84	8.27576E-08
293.849	8.2611E-08
293.8578	8.26232E-08
293.867	8.27454E-08
293.8754	8.26721E-08
293.8848	8.24766E-08
293.8936	8.31119E-08
293.9026	8.32463E-08
293.911	8.25865E-08
293.9202	8.31364E-08
293.93	8.30264E-08
293.9392	8.31119E-08
293.947	8.22933E-08
293.9558	8.3283E-08
293.9648	8.22322E-08
293.9732	8.25132E-08
293.9818	8.33685E-08
293.99	8.30875E-08
294	8.2782E-08
294.0088	8.31119E-08
294.0172	8.2892E-08
294.025	8.33074E-08
294.0348	8.31119E-08
294.0422	8.24399E-08
294.0508	8.31608E-08
294.06	8.30753E-08
294.069	8.2611E-08
294.0774	8.33685E-08
294.086	8.30508E-08
294.0938	8.34785E-08
294.1022	8.30386E-08
294.11	8.32097E-08
294.1198	8.29409E-08
294.1276	8.28798E-08
294.1362	8.33685E-08
294.1438	8.37229E-08
294.1514	8.34418E-08
294.1602	8.32097E-08
294.17	8.29653E-08
294.1784	8.28553E-08
294.1856	8.23788E-08
294.193	8.29531E-08
294.2012	8.2892E-08
294.21	8.31486E-08
294.2188	8.26354E-08
294.226	8.31853E-08
294.234	8.25621E-08
294.2422	8.31486E-08
294.25	8.33197E-08
294.259	8.29898E-08
294.2668	8.29653E-08
294.2744	8.29042E-08
294.2816	8.33074E-08
294.29	8.31486E-08
294.2994	8.34663E-08
294.3062	8.2611E-08
294.3138	8.34296E-08
294.3212	8.28798E-08
294.33	8.29164E-08
294.3384	8.33808E-08
294.3456	8.34052E-08
294.3528	8.31853E-08
294.36	8.33685E-08
294.3698	8.28798E-08
294.3766	8.31364E-08
294.3846	8.25988E-08
294.391	8.30875E-08
294.4	8.32219E-08
294.408	8.35152E-08
294.4154	8.32952E-08
294.4212	8.33563E-08
294.43	8.33441E-08
294.4386	8.36373E-08
294.4452	8.31486E-08
294.4522	8.31975E-08
294.46	8.33563E-08
294.4686	8.32952E-08
294.4752	8.36251E-08
294.482	8.32341E-08
294.49	8.30508E-08
294.4984	8.35763E-08
294.5054	8.3002E-08
294.5118	8.36618E-08
294.52	8.31486E-08
294.5288	8.32952E-08
294.534	8.30997E-08
294.5402	8.3173E-08
294.55	8.30997E-08
294.5562	8.32463E-08
294.5634	8.3674E-08
294.57	8.28553E-08
294.5788	8.34418E-08
294.5854	8.30508E-08
294.5916	8.35152E-08
294.6	8.28553E-08
294.6074	8.34418E-08
294.6138	8.33563E-08
294.62	8.37229E-08
294.6294	8.38084E-08
294.6356	8.30142E-08
294.6412	8.30631E-08
294.65	8.26843E-08
294.6566	8.27943E-08
294.6622	8.30142E-08
294.67	8.31853E-08
294.678	8.36618E-08
294.6842	8.3002E-08
294.69	8.31364E-08
294.7	8.33808E-08
294.7054	8.31608E-08
294.7106	8.36251E-08
294.72	8.34785E-08
294.726	8.31242E-08
294.7314	8.35396E-08
294.74	8.32341E-08
294.747	8.29287E-08
294.7522	8.36984E-08
294.76	8.33685E-08
294.767	8.33685E-08
294.7718	8.31119E-08
294.78	8.37229E-08
294.7874	8.36496E-08
294.7918	8.3283E-08
294.8	8.36129E-08
294.807	8.34296E-08
294.8116	8.37473E-08
294.82	8.31853E-08
294.8266	8.31486E-08
294.8322	8.33319E-08
294.84	8.37107E-08
294.8462	8.3002E-08
294.8502	8.37107E-08
294.86	8.37229E-08
294.8658	8.31853E-08
294.87	8.35029E-08
294.88	8.32586E-08
294.884	8.37473E-08
294.89	8.33441E-08
294.8982	8.35885E-08
294.903	8.36007E-08
294.91	8.37229E-08
294.9172	8.35274E-08
294.9212	8.36496E-08
294.93	8.36984E-08
294.9354	8.34663E-08
294.94	8.36862E-08
294.949	8.33563E-08
294.9538	8.36618E-08
294.96	8.3674E-08
294.9674	8.34785E-08
294.972	8.30997E-08
294.98	8.34785E-08
294.9854	8.32219E-08
294.99	8.37962E-08
294.999	8.36984E-08
295.0026	8.36129E-08
295.01	8.35885E-08
295.0164	8.34541E-08
295.0204	8.36618E-08
295.03	8.43583E-08
295.034	8.36618E-08
295.04	8.35763E-08
295.0476	8.35763E-08
295.0506	8.36007E-08
295.06	8.34541E-08
295.0636	8.36984E-08
295.07	8.37595E-08
295.0762	8.37718E-08
295.08	8.33441E-08
295.0896	8.36618E-08
295.0932	8.39062E-08
295.1	8.3955E-08
295.1058	8.37351E-08
295.11	8.38328E-08
295.1182	8.35763E-08
295.1216	8.32219E-08
295.13	8.3784E-08
295.1346	8.41139E-08
295.14	8.33685E-08
295.1476	8.39673E-08
295.1502	8.37107E-08
295.1598	8.35518E-08
295.1616	8.36496E-08
295.17	8.35396E-08
295.174	8.38328E-08
295.18	8.32341E-08
295.1872	8.39795E-08
295.1902	8.35274E-08
295.2	8.36129E-08
295.202	8.37718E-08
295.21	8.35274E-08
295.214	8.39184E-08
295.22	8.30264E-08
295.226	8.34052E-08
295.23	8.3784E-08
295.2382	8.33319E-08
295.24	8.37718E-08
295.2494	8.31853E-08
295.2508	8.38939E-08
295.26	8.33074E-08
295.2638	8.33808E-08
295.27	8.33563E-08
295.2756	8.35885E-08
295.28	8.34052E-08
295.2868	8.35274E-08
295.29	8.37351E-08
295.2988	8.37595E-08
295.3	8.33319E-08
295.3098	8.39673E-08
295.3104	8.38573E-08
295.32	8.39673E-08
295.3222	8.3173E-08
295.33	8.38817E-08
295.333	8.38206E-08
295.34	8.34541E-08
295.3444	8.36862E-08
295.35	8.32586E-08
295.3556	8.39184E-08
295.36	8.36496E-08
295.3658	8.43827E-08
295.37	8.33197E-08
295.3764	8.37229E-08
295.38	8.3674E-08
295.388	8.34174E-08
295.39	8.41139E-08
295.3972	8.38573E-08
295.4	8.40039E-08
295.4072	8.3173E-08
295.41	8.40161E-08
295.4188	8.34663E-08
295.42	8.38939E-08
295.429	8.3784E-08
295.43	8.39917E-08
295.4376	8.41261E-08
295.44	8.41505E-08
295.449	8.37595E-08
295.45	8.35152E-08
295.459	8.37351E-08
295.46	8.33197E-08
295.4688	8.39306E-08
295.47	8.37962E-08
295.4786	8.38328E-08
295.48	8.37595E-08
295.4876	8.3784E-08
295.49	8.3674E-08
295.4972	8.43583E-08
295.5	8.3955E-08
295.507	8.38939E-08
295.51	8.35152E-08
295.5166	8.36251E-08
295.52	8.3955E-08
295.5258	8.3564E-08
295.53	8.38817E-08
295.5348	8.34418E-08
295.54	8.31242E-08
295.5434	8.37229E-08
295.55	8.41994E-08
295.5524	8.39428E-08
295.56	8.40894E-08
295.5604	8.35885E-08
295.57	8.41139E-08
295.57	8.38573E-08
295.5788	8.36618E-08
295.58	8.42116E-08
295.5878	8.41017E-08
295.59	8.35396E-08
295.5968	8.38573E-08
295.6	8.42727E-08
295.6052	8.42361E-08
295.61	8.47004E-08
295.6128	8.37107E-08
295.62	8.37229E-08
295.6212	8.38939E-08
295.63	8.41994E-08
295.63	8.35274E-08
295.6386	8.38084E-08
295.64	8.41872E-08
295.6466	8.41994E-08
295.65	8.41383E-08
295.6548	8.38451E-08
295.66	8.37351E-08
295.6616	8.39795E-08
295.67	8.37107E-08
295.67	8.4065E-08
295.6794	8.43827E-08
295.68	8.42238E-08
295.687	8.36984E-08
295.69	8.34052E-08
295.693	8.42238E-08
295.7	8.40528E-08
295.7002	8.39062E-08
295.71	8.39184E-08
295.71	8.39306E-08
295.7178	8.39184E-08
295.72	8.42605E-08
295.7242	8.42849E-08
295.73	8.39428E-08
295.7314	8.40283E-08
295.74	8.39428E-08
295.74	8.39062E-08
295.747	8.39917E-08
295.75	8.36373E-08
295.754	8.40894E-08
295.76	8.39673E-08
295.7604	8.39673E-08
295.7698	8.38328E-08
295.77	8.41017E-08
295.7752	8.40772E-08
295.78	8.37473E-08
295.7806	8.37229E-08
295.79	8.43705E-08
295.79	8.3784E-08
295.7958	8.44316E-08
295.8	8.40772E-08
295.8022	8.33563E-08
295.81	8.43949E-08
295.81	8.48103E-08
295.817	8.40283E-08
295.82	8.43338E-08
295.8228	8.40894E-08
295.83	8.40772E-08
295.83	8.38817E-08
295.8376	8.42727E-08
295.84	8.40406E-08
295.8426	8.35885E-08
295.85	8.4065E-08
295.85	8.43583E-08
295.8588	8.41628E-08
295.86	8.3955E-08
295.8612	8.40406E-08
295.87	8.41505E-08
295.87	8.42605E-08
295.8762	8.38573E-08
295.88	8.36251E-08
295.8816	8.4737E-08
295.89	8.44071E-08
295.89	8.35763E-08
295.8948	8.46148E-08
295.9	8.43949E-08
295.9	8.43949E-08
295.9086	8.41017E-08
295.91	8.43949E-08
295.9134	8.42727E-08
295.92	8.44927E-08
295.92	8.40894E-08
295.926	8.38817E-08
295.93	8.37473E-08
295.93	8.46271E-08
295.94	8.38573E-08
295.94	8.43216E-08
295.942	8.42361E-08
295.95	8.43827E-08
295.95	8.43705E-08
295.9564	8.38817E-08
295.96	8.39795E-08
295.96	8.44438E-08
295.9684	8.45049E-08
295.97	8.41994E-08
295.9714	8.37107E-08
295.98	8.39306E-08
295.98	8.39062E-08
295.9848	8.41383E-08
295.99	8.42483E-08
295.99	8.46515E-08
295.996	8.44927E-08
296	8.41872E-08
296	8.36129E-08
296.0076	8.40772E-08
296.01	8.44804E-08
296.01	8.38817E-08
296.0196	8.40772E-08
296.02	8.46393E-08
296.022	8.37473E-08
296.03	8.43216E-08
296.03	8.41261E-08
296.0322	8.35152E-08
296.04	8.44804E-08
296.04	8.3955E-08
296.0442	8.42238E-08
296.05	8.39184E-08
296.05	8.36251E-08
296.0554	8.43583E-08
296.06	8.40283E-08
296.06	8.39673E-08
296.0658	8.4065E-08
296.07	8.43338E-08
296.07	8.41017E-08
296.0768	8.35763E-08
296.08	8.41261E-08
296.08	8.41628E-08
296.0872	8.3955E-08
296.09	8.49203E-08
296.09	8.43705E-08
296.0986	8.40406E-08
296.1	8.39917E-08
296.1	8.4456E-08
296.1074	8.41017E-08
296.11	8.43949E-08
296.11	8.47004E-08
296.117	8.49203E-08
296.12	8.45538E-08
296.12	8.40283E-08
296.1276	8.38451E-08
296.13	8.39673E-08
296.13	8.42972E-08
296.1364	8.46271E-08
296.14	8.44071E-08
296.14	8.38817E-08
296.1448	8.37595E-08
296.15	8.43216E-08
296.15	8.42849E-08
296.1536	8.41628E-08
296.16	8.3955E-08
296.16	8.48592E-08
296.1624	8.43094E-08
296.17	8.42483E-08
296.17	8.40772E-08
296.1704	8.43583E-08
296.18	8.46148E-08
296.18	8.40161E-08
296.18	8.42605E-08
296.1874	8.39673E-08
296.19	8.42116E-08
296.19	8.39062E-08
296.1944	8.39184E-08
296.2	8.38573E-08
296.2	8.39795E-08
296.2032	8.48592E-08
296.21	8.39428E-08
296.21	8.40528E-08
296.21	8.42361E-08
296.2194	8.38939E-08
296.22	8.44438E-08
296.22	8.39673E-08
296.2266	8.40772E-08
296.23	8.4175E-08
296.23	8.44927E-08
296.2332	8.41872E-08
296.24	8.42972E-08
296.24	8.44316E-08
296.2406	8.40039E-08
296.25	8.39306E-08
296.25	8.43705E-08
296.25	8.42238E-08
296.256	8.42238E-08
296.26	8.46515E-08
296.26	8.37962E-08
296.2608	8.47248E-08
296.27	8.46026E-08
296.27	8.41628E-08
296.27	8.40528E-08
296.2768	8.40894E-08
296.28	8.45049E-08
296.28	8.44804E-08
296.2808	8.3955E-08
296.29	8.43094E-08
296.29	8.42116E-08
296.29	8.42361E-08
296.296	8.44316E-08
296.3	8.40406E-08
296.3	8.45782E-08
296.3006	8.47981E-08
296.3088	8.44193E-08
296.31	8.4456E-08
296.31	8.45904E-08
296.3144	8.47248E-08
296.32	8.46026E-08
296.32	8.43094E-08
296.32	8.45904E-08
296.3272	8.39184E-08
296.33	8.41872E-08
296.33	8.44071E-08
296.3318	8.45049E-08
296.34	8.41505E-08
296.34	8.41505E-08
296.34	8.46759E-08
296.3444	8.42116E-08
296.35	8.42849E-08
296.35	8.42483E-08
296.35	8.42727E-08
296.3564	8.42361E-08
296.36	8.47981E-08
296.36	8.44804E-08
296.36	8.40894E-08
296.3694	8.46271E-08
296.37	8.45538E-08
296.37	8.47126E-08
296.3714	8.40039E-08
296.38	8.42238E-08
296.38	8.48226E-08
296.38	8.43583E-08
296.3822	8.41383E-08
296.39	8.44927E-08
296.39	8.42238E-08
296.39	8.44438E-08
296.394	8.44682E-08
296.4	8.41139E-08
296.4	8.38695E-08
296.4	8.44804E-08
296.4044	8.44193E-08
296.41	8.42727E-08
296.41	8.44927E-08
296.41	8.4346E-08
296.4142	8.42727E-08
296.42	8.41383E-08
296.42	8.38084E-08
296.42	8.48226E-08
296.4242	8.38817E-08
296.43	8.42727E-08
296.43	8.46271E-08
296.43	8.46271E-08
296.4336	8.38817E-08
296.44	8.43705E-08
296.44	8.45782E-08
296.44	8.45904E-08
296.4402	8.39428E-08
296.45	8.3955E-08
296.45	8.43216E-08
296.45	8.5348E-08
296.4506	8.45782E-08
296.4598	8.4346E-08
296.46	8.43094E-08
